#
# One item perline. No spaces.
#
0=21,21,22,21,21,64,22,21,21,22,21,21,22,21,22,21,21,64,22,63,22,21,22,63,22,64,21,64,22,63,22,64,21,64,22,21,21,64,22,21,21,21,22,21,22,63,22,21,22,21,21,64,22,21,21,64,22,63,22,64,21,21,22,64,21,1505,341,85,22,3625,341,85,22,4804
1=341,171,21,21,22,21,22,63,22,21,22,21,21,21,22,21,22,21,21,64,22,63,22,21,22,63,22,64,21,64,22,63,22,64,21,21,22,64,21,64,22,21,21,21,22,21,22,21,21,21,22,64,21,21,22,21,22,63,22,64,21,64,22,63,22,64,21,1514,341,85,22,3647,341,85,22,4833
2=342,170,22,21,22,21,21,64,22,21,21,21,22,21,22,21,21,21,22,64,21,64,22,21,21,64,22,63,22,64,21,64,22,63,22,21,22,21,21,64,22,21,21,21,22,21,22,21,21,21,22,64,21,64,22,21,21,64,22,63,22,64,21,64,22,63,22,1514,342,85,22,3646,342,85,22,4833
3=15,494,22,21,14,29,11,73,19,24,12,30,11,32,9,34,9,33,9,76,17,67,18,25,11,73,17,68,18,67,17,67,16,69,16,27,9,34,7,36,6,36,6,37,7,36,6,78,15,27,10,75,16,68,16,69,17,68,16,68,16,69,16,27,9,75,16,1510,20,404,15,4804
4=22,488,22,21,21,22,21,64,21,22,21,21,22,21,21,22,21,21,22,64,21,64,21,22,21,64,21,64,22,64,21,64,21,64,22,21,21,64,22,21,21,22,21,21,22,21,21,22,21,21,21,65,21,21,22,64,21,64,21,64,22,64,21,64,21,64,22,1509,41,384,21,4819
5=341,170,21,21,22,21,22,63,22,21,22,21,21,21,22,21,22,21,21,64,22,63,22,21,22,63,22,64,21,64,22,63,22,64,21,64,22,21,21,21,22,21,22,21,21,21,22,21,22,21,21,21,22,64,21,64,22,63,22,64,21,64,22,63,22,64,21,1510,341,85,22,3636,341,85,22,4819
6=37,473,22,21,21,22,21,64,21,22,21,21,22,21,21,22,21,21,22,64,21,64,21,22,21,64,21,64,22,64,21,64,21,64,22,64,21,21,22,21,21,22,20,22,21,22,20,65,22,21,21,22,20,65,21,64,22,64,21,64,21,64,22,21,21,64,22,1509,29,396,21,3636,37,388,21,4819
7=18,491,16,27,11,31,11,74,15,27,11,32,10,33,10,32,10,33,9,75,15,70,15,27,11,74,15,69,16,69,16,69,16,68,16,69,16,69,16,26,12,31,11,32,11,31,11,32,10,33,10,32,11,32,10,74,16,69,16,68,16,69,17,68,16,68,16,1510,18,406,15,3631,11,413,3,4804
8=341,171,21,21,22,21,22,63,22,21,22,21,21,21,22,21,22,21,21,64,22,63,22,21,22,63,22,64,21,64,22,63,22,64,21,21,22,21,22,21,21,21,22,64,21,21,22,21,22,21,21,64,22,63,22,64,21,64,22,21,21,64,22,63,22,64,21,1514,341,85,22,4833
9=341,171,21,21,22,21,22,63,22,21,22,21,21,21,22,21,22,21,21,64,22,63,22,21,22,63,22,64,21,64,22,63,22,64,21,64,22,21,21,21,22,64,21,21,22,21,22,63,22,21,22,21,21,64,22,63,22,21,22,63,22,64,21,21,22,64,21,1514,341,85,22,4833
E=341,171,21,21,22,21,22,63,22,21,22,21,21,21,22,21,22,21,21,64,22,63,22,21,22,63,22,64,21,64,22,63,22,64,21,64,22,63,22,64,21,21,22,21,22,21,21,21,22,21,22,21,21,21,22,21,22,63,22,64,21,64,22,63,22,64,21,1514,341,85,22,3647,341,85,22,4833
