#
#  Just recored this to record it. The system is not setup to control the radio.
#
OnOff=39,56,20,18,20,18,20,56,20,56,20,18,20,18,20,56,20,18,20,56,20,56,20,18,20,18,20,56,20,56,20,18,20,56,20,1919,39,56,20,18,20,18,20,56,20,56,20,18,20,18,20,56,20,18,20,56,20,56,20,18,20,18,20,56,20,56,20,18,20,56,20,1919,39,56,20,18,20,18,20,56,20,56,20,18,20,18,20,56,20,18,20,56,20,56,20,18,20,18,20,56,20,56,20,18,20,56,20,4878
Mute=39,56,20,56,20,18,20,18,20,18,20,18,20,18,20,18,20,18,20,18,20,56,20,56,20,56,20,56,20,56,20,56,20,56,20,1925,39,56,20,56,20,18,20,18,20,18,20,18,20,18,20,18,20,18,20,18,20,56,20,56,20,56,20,56,20,56,20,56,20,56,20,1925,39,56,20,56,20,18,20,18,20,18,20,18,20,18,20,18,20,18,20,18,20,56,20,56,20,56,20,56,20,56,20,56,20,56,20,1925,39,56,20,56,20,18,20,18,20,18,20,18,20,18,20,18,20,18,20,18,20,56,20,56,20,56,20,56,20,56,20,56,20,56,20,4892
FM_AM=39,56,20,18,20,56,20,56,20,18,20,18,20,18,20,18,20,18,20,56,20,18,20,18,20,56,20,56,20,56,20,56,20,56,20,1919,39,56,20,18,20,56,20,56,20,18,20,18,20,18,20,18,20,18,20,56,20,18,20,18,20,56,20,56,20,56,20,56,20,56,20,1919,39,56,20,18,20,56,20,56,20,18,20,18,20,18,20,18,20,18,20,56,20,18,20,18,20,56,20,56,20,56,20,56,20,56,20,4878
CD=39,56,20,56,20,56,20,18,20,18,20,56,20,18,20,56,20,18,20,18,20,18,20,56,20,56,20,18,20,56,20,18,20,56,20,1925,39,56,20,56,20,56,20,18,20,18,20,56,20,18,20,56,20,18,20,18,20,18,20,56,20,56,20,18,20,56,20,18,20,56,20,1925,39,56,20,56,20,56,20,18,20,18,20,56,20,18,20,56,20,18,20,18,20,18,20,56,20,56,20,18,20,56,20,18,20,56,20,1925,39,56,20,56,20,56,20,18,20,18,20,56,20,18,20,56,20,18,20,18,20,18,20,56,20,56,20,18,20,56,20,18,20,56,20,4892
AUX=39,56,20,56,20,56,20,56,20,56,20,18,20,18,20,18,20,18,20,18,20,18,20,18,20,18,20,56,20,56,20,56,20,56,20,1919,39,56,20,56,20,56,20,56,20,56,20,18,20,18,20,18,20,18,20,18,20,18,20,18,20,18,20,56,20,56,20,56,20,56,20,1919,39,56,20,56,20,56,20,56,20,56,20,18,20,18,20,18,20,18,20,18,20,18,20,18,20,18,20,56,20,56,20,56,20,56,20,4878
Sleep=39,56,20,18,20,18,20,56,20,18,20,56,20,18,20,56,20,18,20,56,20,56,20,18,20,56,20,18,20,56,20,18,20,56,20,1925,39,56,20,18,20,18,20,56,20,18,20,56,20,18,20,56,20,18,20,56,20,56,20,18,20,56,20,18,20,56,20,18,20,56,20,1925,39,56,20,18,20,18,20,56,20,18,20,56,20,18,20,56,20,18,20,56,20,56,20,18,20,56,20,18,20,56,20,18,20,56,20,1925,39,56,20,18,20,18,20,56,20,18,20,56,20,18,20,56,20,18,20,56,20,56,20,18,20,56,20,18,20,56,20,18,20,56,20,4892
#
VolumeUp=39,56,20,56,20,56,20,18,20,18,20,18,20,18,20,18,20,18,20,18,20,18,20,56,20,56,20,56,20,56,20,56,20,56,20,1919,39,56,20,56,20,56,20,18,20,18,20,18,20,18,20,18,20,18,20,18,20,18,20,56,20,56,20,56,20,56,20,56,20,56,20,4878
VolumeDown=39,56,20,18,20,56,20,18,20,18,20,18,20,18,20,18,20,18,20,56,20,18,20,56,20,56,20,56,20,56,20,56,20,56,20,1925,39,56,20,18,20,56,20,18,20,18,20,18,20,18,20,18,20,18,20,56,20,18,20,56,20,56,20,56,20,56,20,56,20,56,20,4892
#
1=39,56,20,56,20,56,20,56,20,18,20,18,20,18,20,18,20,18,20,18,20,18,20,18,20,56,20,56,20,56,20,56,20,56,20,1919,39,56,20,56,20,56,20,56,20,18,20,18,20,18,20,18,20,18,20,18,20,18,20,18,20,56,20,56,20,56,20,56,20,56,20,1919,39,56,20,56,20,56,20,56,20,18,20,18,20,18,20,18,19,19,15,23,13,25,10,28,8,68,12,64,10,66,9,67,7,69,8,4878
2=39,56,20,18,20,18,20,18,20,56,20,18,20,18,20,18,20,18,20,56,20,56,20,56,20,18,20,56,20,56,20,56,20,56,20,1919,29,66,18,20,11,27,8,30,7,69,10,28,5,33,4,34,3,35,2,74,6,70,5,71,5,33,1,75,3,73,3,73,2,74,2,4878
3=39,56,20,56,20,18,20,18,20,56,20,18,20,18,20,18,20,18,20,18,20,56,20,56,20,18,20,56,20,56,20,56,20,56,20,1925,39,56,20,56,20,18,20,18,20,56,20,18,20,18,20,18,20,18,20,18,20,56,20,56,20,18,20,56,20,56,20,56,20,56,20,1925,39,56,20,56,20,18,20,18,20,56,20,18,20,18,20,18,20,18,20,18,20,56,20,56,20,18,20,56,20,56,20,56,20,56,20,4892
4=39,56,20,18,20,56,20,18,20,56,20,18,20,18,20,18,20,18,20,56,20,18,20,56,20,18,20,56,20,56,20,56,20,56,20,1925,39,56,20,18,20,56,20,18,20,56,20,18,20,18,20,18,20,18,20,56,20,18,20,56,20,18,20,56,20,56,20,56,20,56,20,4892
5=39,56,20,56,20,56,20,18,20,56,20,18,20,18,20,18,20,18,20,18,20,18,20,56,20,18,20,56,20,56,20,56,20,56,20,1925,39,56,20,56,20,56,20,18,20,56,20,18,20,18,20,18,20,18,20,18,20,18,20,56,20,18,20,56,20,56,20,56,20,56,20,1925,39,56,20,56,20,56,20,18,20,56,20,18,20,18,20,18,20,18,20,18,20,18,20,56,20,18,20,56,20,56,20,56,20,56,20,4892
6=39,56,20,18,20,18,20,56,20,56,20,18,20,18,20,18,20,18,20,56,20,56,20,18,20,18,20,56,20,56,20,56,20,56,20,1925,39,56,20,18,20,18,20,56,20,56,20,18,20,18,20,18,20,18,20,56,20,56,20,18,20,18,20,56,20,56,20,56,20,56,20,4892
#
SeekTrackPrevious=39,56,20,18,20,18,20,18,20,56,20,56,20,18,20,18,20,18,20,56,20,56,20,56,20,18,20,18,20,56,20,56,20,56,20,1925,39,56,20,18,20,18,20,18,20,56,20,56,20,18,20,18,20,18,20,56,20,56,20,56,20,18,20,18,20,56,20,56,20,56,20,1925,39,56,20,18,20,18,20,18,20,56,20,56,20,18,20,18,20,18,20,56,20,56,20,56,20,18,20,18,20,56,20,56,20,56,20,4892
SeekTrackNext=39,56,20,56,20,18,20,18,20,56,20,56,20,18,20,18,20,18,20,18,20,56,20,56,20,18,20,18,20,56,20,56,20,56,20,1925,39,56,20,56,20,18,20,18,20,56,20,56,20,18,20,18,20,18,20,18,20,56,20,56,20,18,20,18,20,56,20,56,20,56,20,4892
#
PlayPause=39,56,20,56,20,56,20,18,20,56,20,56,20,18,20,18,20,18,20,18,20,18,20,56,20,18,20,18,20,56,20,56,20,56,20,1925,39,56,20,56,20,56,20,18,20,56,20,56,20,18,20,18,20,18,20,18,20,18,20,56,20,18,20,18,20,56,20,56,20,56,20,1925,39,56,20,56,20,56,20,18,20,56,20,56,20,18,20,18,20,18,20,18,20,18,20,56,20,18,20,18,20,56,20,56,20,56,20,4892
StopEject=39,56,20,18,20,56,20,18,20,56,20,56,20,18,20,18,20,18,20,56,20,18,20,56,20,18,20,18,20,56,20,56,20,56,20,1925,39,56,20,18,20,56,20,18,20,56,20,56,20,18,20,18,20,18,20,56,20,18,20,56,20,18,20,18,20,56,20,56,20,56,20,1925,39,56,20,18,20,56,20,18,20,56,20,56,20,18,20,18,20,18,20,56,20,18,20,56,20,18,20,18,20,56,20,56,20,56,20,4892
#
TuneMp3Previous=39,56,20,56,20,56,20,56,20,18,20,56,20,18,20,56,20,18,20,18,20,18,20,18,20,56,20,18,20,56,20,18,20,56,20,1925,39,56,20,56,20,56,20,56,20,18,20,56,20,18,20,56,20,18,20,18,20,18,20,18,20,56,20,18,20,56,20,18,20,56,20,1925,39,56,20,56,20,56,20,56,20,18,20,56,20,18,20,56,20,18,20,18,20,18,20,18,20,56,20,18,20,56,20,18,20,56,20,4892
TuneMp3Next=39,56,20,18,20,18,20,18,20,56,20,56,20,18,20,56,20,18,20,56,20,56,20,56,20,18,20,18,20,56,20,18,20,56,20,1925,39,56,20,18,20,18,20,18,20,56,20,56,20,18,20,56,20,18,20,56,20,56,20,56,20,18,20,18,20,56,20,18,20,56,20,1925,39,56,20,18,20,18,20,18,20,56,20,56,20,18,20,56,20,18,20,56,20,56,20,56,20,18,20,18,20,56,20,18,20,56,20,4892
#
TimeMinus=39,56,20,18,20,56,20,56,20,56,20,56,20,18,20,18,20,56,20,56,20,18,20,18,20,18,20,18,20,56,20,56,20,18,20,1919,39,56,20,18,20,56,20,56,20,56,20,56,20,18,20,18,20,56,20,56,20,18,20,18,20,18,20,18,20,56,20,56,20,17,20,1919,10,85,5,33,1,75,2,74,1,75,1,4878
TimePlus=39,38226,1,1,39,56,20,18,20,18,20,56,20,18,20,18,20,56,20,18,20,18,20,56,20,56,20,18,20,56,20,56,20,18,20,56,20,56,20,1925,39,56,20,18,20,18,20,56,20,18,20,18,20,56,20,18,20,18,20,56,20,56,20,18,20,56,13,63,2,4892
PlayMode=39,56,20,56,20,18,20,18,20,18,20,18,20,56,20,18,20,18,20,18,20,56,20,56,20,56,20,56,20,18,20,56,20,56,20,1925,39,56,20,56,20,18,20,18,20,18,20,18,20,56,20,18,20,18,20,18,20,56,20,56,20,56,20,56,20,18,20,56,20,56,20,1925,39,56,20,56,20,18,20,18,20,18,20,18,20,56,20,18,20,18,20,18,20,56,20,56,20,56,20,56,20,18,20,56,20,56,20,4892
#
AlarmOnOf=39,56,20,18,20,56,20,18,20,18,20,18,20,56,20,18,20,18,20,56,20,18,20,56,20,56,20,56,20,18,20,56,20,56,20,1919,39,56,20,18,20,56,20,18,20,18,20,18,20,56,20,18,20,18,20,56,20,18,20,56,20,56,20,56,20,18,20,56,20,56,20,1919,1,4878
AlarmWakeTo=39,56,20,18,20,18,20,18,20,18,20,56,20,56,20,56,20,18,20,56,20,56,20,56,20,56,20,18,20,18,20,18,20,56,20,1925,39,56,20,18,20,18,20,18,20,18,20,56,20,56,20,56,20,18,20,56,20,56,20,56,20,56,20,18,20,18,20,18,20,56,20,1925,39,56,20,18,20,18,20,18,20,18,20,56,20,56,20,56,20,18,20,56,20,56,20,56,20,56,20,18,20,18,20,18,20,56,20,4892
AlarmTime=39,56,20,56,20,56,20,18,20,18,20,18,20,56,20,18,20,18,20,18,20,18,20,56,20,56,20,56,20,18,20,56,20,56,20,1919,39,56,20,56,20,56,20,18,20,18,20,18,20,56,20,18,20,18,20,18,20,18,20,56,20,56,20,56,20,18,20,56,20,56,20,4878
#
Snooze=38,57,18,57,18,20,19,19,20,18,20,19,20,19,19,20,19,19,20,19,19,57,19,56,19,56,19,57,18,57,18,57,19,56,19,1974,39,56,19,56,19,19,19,20,19,19,20,19,19,20,19,19,20,18,20,19,20,56,19,57,18,57,18,57,18,57,19,56,19,57,18,1978,38,56,19,56,19,19,19,20,19,19,20,18,19,20,19,19,19,20,19,19,20,56,19,57,18,57,18,57,19,56,19,56,19,57,18,4878
#