Eject=128,127,33,31,33,31,33,31,32,96,33,31,32,96,33,95,33,31,33,96,32,96,32,96,33,96,32,96,32,96,33,96,32,31,33,96,32,31,33,31,33,95,33,31,33,31,33,31,32,31,33,1251,128,127,33,31,32,32,32,31,33,96,32,31,33,96,32,96,33,31,32,96,33,96,32,96,32,96,33,96,32,96,32,96,33,31,33,95,33,31,33,31,32,96,33,31,32,32,32,31,33,31,33,4705
VCR/TV=128,127,33,31,33,31,33,31,32,96,33,31,32,96,33,31,32,32,32,31,33,31,33,31,32,32,32,96,33,95,33,96,32,31,33,96,32,31,33,96,32,96,33,95,33,96,32,96,33,95,33,1255,128,127,33,31,32,32,32,31,33,96,32,31,33,96,32,32,32,31,33,31,33,31,32,32,32,31,33,96,32,96,33,95,33,31,33,95,33,31,33,95,33,96,32,96,33,95,33,96,32,96,33,4719
Power=128,128,32,32,32,31,33,31,33,95,33,31,33,95,33,31,33,31,33,31,32,31,33,31,33,96,32,96,32,96,33,96,32,31,33,96,32,31,33,96,32,96,33,95,33,96,32,96,33,31,32,1257,128,127,33,31,32,32,32,31,33,96,32,31,33,96,32,32,32,31,33,31,33,31,32,32,32,96,32,96,33,96,32,96,32,32,32,96,33,31,32,96,33,95,33,96,32,96,33,95,33,31,33,4719
1=128,127,32,32,32,31,33,31,33,95,33,31,33,95,33,96,32,96,33,95,33,96,32,96,33,31,32,96,33,96,32,96,32,32,32,96,32,32,32,31,33,31,33,31,32,32,32,31,33,96,32,1253,128,127,33,31,32,32,32,31,33,96,32,32,32,96,32,96,33,96,32,96,32,96,33,96,32,31,33,96,32,96,32,96,33,31,33,95,33,31,33,31,32,32,32,31,33,31,33,31,32,96,33,4705
2=128,128,32,32,32,31,33,31,33,95,33,31,33,95,33,96,32,32,32,31,33,31,33,31,32,96,33,95,33,96,32,96,33,31,32,96,33,31,33,31,32,96,33,95,33,96,32,96,33,31,32,1257,128,127,33,31,32,32,32,31,33,96,32,31,33,96,32,96,33,31,32,32,32,31,33,31,33,95,33,96,32,96,33,95,33,31,33,96,32,31,33,31,32,96,33,96,19,109,6,123,3,60,2,4719
3=128,127,32,32,32,31,33,31,33,95,33,31,33,95,33,31,33,96,32,31,33,31,33,31,32,96,33,95,33,96,32,96,33,31,32,96,33,31,33,95,33,31,33,95,33,96,32,96,33,31,32,1251,128,127,33,31,33,31,33,31,32,96,33,31,32,96,33,31,32,96,33,31,33,31,32,31,33,96,32,96,33,95,33,96,32,32,32,96,32,32,32,95,13,51,7,120,4,124,3,126,2,62,1,4705
4=128,127,33,31,32,32,32,31,33,96,32,31,33,96,32,96,33,95,33,31,33,31,33,31,32,96,33,95,33,96,32,96,33,31,32,96,33,31,32,32,32,31,33,96,32,96,33,95,33,31,33,1254,128,128,32,32,32,31,33,31,33,95,33,31,33,95,33,96,32,96,33,31,32,32,32,31,33,96,32,96,33,95,33,96,32,31,33,96,32,32,32,31,33,31,33,95,33,96,32,96,33,31,32,4719
5=128,127,32,32,32,31,33,31,33,95,33,31,33,95,33,31,33,31,32,96,33,31,33,31,32,96,33,95,33,96,32,96,33,31,32,96,33,31,32,96,33,96,32,31,33,96,32,96,33,31,32,1253,128,127,33,31,32,32,32,31,33,96,32,31,33,96,32,32,32,31,33,96,32,31,33,31,33,95,33,96,32,96,33,95,33,31,33,96,32,31,33,96,32,96,32,32,32,96,33,95,33,31,33,4705
6=128,128,32,32,32,31,33,31,33,95,33,31,33,95,33,96,32,32,32,96,32,32,32,31,33,96,32,96,33,95,33,96,32,31,33,96,32,32,32,31,33,96,32,31,33,96,32,96,33,31,32,1253,128,127,33,31,32,32,32,31,33,96,32,31,33,96,32,96,33,31,32,96,33,31,33,31,32,96,33,95,33,96,32,96,33,31,32,96,33,31,32,32,32,96,33,31,32,96,33,95,33,31,33,4705
7=128,127,33,31,33,31,33,31,32,96,33,31,32,96,33,31,32,96,33,96,32,31,33,31,33,95,33,96,32,96,33,95,33,31,33,95,33,31,33,96,32,31,33,31,33,95,33,96,32,31,33,1255,128,127,33,31,32,32,32,31,33,96,32,31,33,96,32,32,32,96,32,96,33,31,33,31,32,96,33,95,33,96,32,96,33,31,32,96,33,31,32,96,33,31,33,31,32,96,33,95,33,31,33,4719
8=128,127,33,31,32,32,32,31,33,96,32,31,33,96,32,96,33,95,33,96,32,32,32,31,33,96,32,96,33,95,33,96,32,31,33,96,32,31,33,31,33,31,33,31,32,96,33,95,33,31,33,1254,128,128,32,32,32,31,33,31,33,95,33,31,33,95,33,96,32,96,33,95,33,31,33,31,33,95,33,96,32,96,33,95,33,31,33,95,33,31,33,31,32,32,32,31,33,96,32,96,33,31,32,4719
9=128,127,33,31,33,31,33,31,32,96,33,31,32,96,33,31,32,32,32,31,33,96,32,31,33,96,32,96,33,95,33,96,32,32,32,96,32,32,32,96,33,95,33,96,32,31,33,96,32,31,33,1253,128,128,32,32,32,31,33,31,33,95,33,31,33,95,33,31,33,31,33,31,32,96,33,31,32,96,33,95,33,96,32,96,33,31,32,96,33,31,33,95,33,96,32,96,33,31,32,96,33,31,32,4705
0=128,127,33,31,33,31,33,31,32,96,33,31,32,96,33,95,33,31,33,31,33,95,33,31,33,95,33,96,32,96,33,95,33,31,33,95,33,31,33,31,33,95,33,96,32,31,33,96,32,31,33,1253,128,128,32,32,32,31,33,31,33,95,33,31,33,95,33,96,32,32,32,31,33,96,32,31,33,96,32,96,33,95,33,96,32,31,33,96,32,32,32,31,33,96,32,96,32,32,32,96,33,31,32,4705
ChannelUP=128,126,32,31,32,31,33,30,32,95,33,31,33,94,32,31,33,30,32,31,32,31,32,94,32,31,32,94,32,95,33,94,32,31,33,94,32,31,33,94,32,94,32,95,33,94,32,31,32,94,32,1237,128,126,32,31,33,30,32,31,32,94,32,31,32,95,33,30,32,31,32,31,33,31,33,94,32,31,33,94,32,94,32,95,33,30,32,95,33,30,32,95,33,94,32,94,32,95,33,31,33,94,32,4651
ChannelDown=128,127,33,31,33,31,33,31,32,96,33,31,32,96,33,31,32,32,32,31,33,96,32,31,33,31,33,96,32,96,32,96,33,31,33,95,33,31,33,95,33,96,32,96,33,31,32,96,33,95,33,1251,128,127,33,31,32,32,32,31,33,96,32,31,33,96,32,32,32,31,33,31,33,95,33,31,33,31,32,96,33,96,32,96,32,32,32,96,33,31,32,96,33,95,33,96,32,31,33,96,32,96,33,4705
SearchMode=128,128,32,32,32,31,33,31,33,95,33,31,33,95,33,96,32,96,33,95,33,31,33,31,33,31,32,96,33,95,33,96,32,31,33,96,32,32,32,31,33,31,33,31,32,96,33,95,33,96,32,1257,128,127,33,31,32,32,32,31,33,96,32,31,33,96,32,96,33,95,33,96,32,32,32,31,33,31,33,95,33,96,32,96,33,31,32,96,33,31,32,32,32,31,33,31,33,95,33,96,32,96,33,4719
CresetExit=128,128,32,32,32,31,33,31,33,95,33,31,33,95,33,96,32,96,33,95,33,31,33,31,33,31,32,96,33,95,33,96,32,31,33,96,32,32,32,31,33,31,33,31,32,96,33,95,33,96,32,1257,128,127,33,31,32,32,32,31,33,96,32,31,33,96,32,96,33,95,33,96,32,32,32,31,33,31,33,95,33,96,32,96,33,31,32,96,33,31,32,32,32,31,33,31,33,95,33,96,32,96,33,4719
Menu=128,127,33,31,33,31,33,31,32,96,33,31,32,96,33,95,33,31,33,96,32,31,33,96,32,31,33,96,32,96,33,95,33,31,33,95,33,31,33,31,33,95,33,31,33,95,33,31,33,95,33,1254,128,127,33,31,33,31,33,31,32,96,33,31,32,96,33,95,33,31,33,96,32,31,33,96,32,31,33,96,32,96,33,95,33,31,33,95,33,31,33,31,33,95,33,31,33,95,33,31,33,95,33,4719
Slow=128,127,33,31,32,32,32,31,33,96,32,31,33,96,32,96,33,31,32,96,33,96,32,31,33,31,33,95,33,96,32,96,33,31,32,96,33,31,32,32,32,96,33,31,32,31,33,96,32,96,33,1256,128,127,33,31,33,31,33,31,32,96,33,31,32,96,33,95,33,31,33,96,32,96,32,32,32,31,33,96,32,96,33,95,33,31,33,95,33,31,33,31,33,95,33,31,33,31,32,96,33,95,33,4719
Record=128,127,33,31,33,31,33,31,32,96,33,31,32,96,33,31,32,96,33,31,33,95,33,96,32,31,33,96,32,96,33,95,33,31,33,95,33,31,33,96,32,31,33,96,32,31,33,31,33,95,33,1254,128,128,32,32,32,31,33,31,33,95,33,31,33,95,33,31,33,96,32,31,33,96,32,96,33,31,32,96,33,95,33,96,32,31,33,96,32,32,32,96,32,32,32,96,8,56,2,62,1,4719
Speed=128,127,33,31,33,31,33,95,33,96,32,31,33,96,32,96,33,95,33,31,33,95,33,96,32,96,33,95,33,96,32,32,32,31,33,96,32,31,33,31,33,31,32,96,33,31,33,31,32,31,33,1254,128,128,32,32,32,31,33,96,32,96,33,31,32,96,33,95,33,96,32,31,33,96,32,96,33,95,33,96,32,96,33,31,32,32,32,96,33,31,32,31,33,31,33,96,32,31,33,31,33,31,32,4719
Display=128,128,32,32,32,31,33,31,33,95,33,31,33,95,33,31,33,96,32,96,32,32,32,31,33,31,33,95,33,96,32,96,33,31,32,96,33,31,33,95,33,31,33,31,32,96,33,95,33,96,32,1251,128,128,32,32,32,31,33,31,33,95,33,31,33,95,33,31,33,96,32,96,32,32,32,31,33,31,33,95,33,96,32,96,33,31,32,96,33,31,33,95,33,31,33,31,32,96,33,95,33,96,32,4705
PauseStill=128,127,33,31,33,31,32,32,32,96,33,31,32,96,33,95,33,96,32,32,32,96,32,32,32,31,33,96,32,96,33,95,33,31,33,95,33,31,33,31,32,32,32,96,33,31,32,96,33,95,33,1254,128,128,32,32,32,31,33,31,33,95,33,31,33,95,33,96,32,96,33,31,32,96,33,31,32,32,32,96,33,95,33,96,32,31,33,96,32,32,32,31,33,31,33,95,33,31,33,95,33,96,32,4719
Rewind=128,128,32,32,32,31,33,31,33,95,33,31,33,95,33,31,33,31,33,95,33,96,32,31,33,31,33,95,33,96,32,96,33,31,32,96,33,31,33,95,33,96,32,31,33,31,33,95,33,96,32,1255,128,127,33,31,33,31,33,31,32,96,33,31,32,96,33,31,32,32,32,96,33,95,33,31,33,31,32,96,33,95,33,96,32,32,32,96,32,32,32,96,32,96,33,31,33,31,32,96,33,96,32,4719
Stop=128,127,33,31,33,31,33,31,32,96,33,31,32,96,33,31,32,32,32,96,33,95,33,96,32,31,33,96,32,96,33,95,33,31,33,95,33,31,33,96,32,96,32,32,32,31,33,31,33,95,33,1255,128,127,33,31,32,32,32,31,33,96,32,31,33,96,32,32,32,31,33,96,32,96,33,95,33,31,33,95,33,96,32,96,33,31,32,96,33,31,32,96,33,96,32,31,33,31,33,31,32,96,33,4719
Play=128,127,33,31,32,32,32,31,33,96,32,31,33,96,32,32,32,96,32,32,32,96,33,31,32,31,33,96,32,96,33,95,33,31,33,96,32,31,33,96,32,31,33,96,32,31,33,96,32,96,33,1255,128,128,32,32,32,31,33,31,33,95,33,31,33,95,33,31,33,96,32,31,33,96,32,31,33,31,33,95,33,96,32,96,33,31,32,96,33,31,33,95,33,31,33,95,33,31,33,95,33,96,32,4719
FastForward=128,128,32,32,32,31,33,31,33,95,33,31,33,95,33,31,33,31,33,95,33,31,33,31,32,32,32,96,32,96,33,96,32,31,33,96,32,31,33,96,32,96,33,31,32,96,33,95,33,96,32,1255,128,127,33,31,33,31,33,31,32,96,33,31,32,96,33,31,32,32,32,96,33,31,32,31,33,31,33,96,32,96,32,96,33,31,33,95,33,31,33,95,33,96,32,31,33,96,32,96,33,95,33,4719
