StandByOn=330,165,21,61,21,62,21,61,21,21,21,20,21,20,22,20,21,61,22,20,21,61,21,20,22,20,21,20,22,61,21,20,21,21,21,61,22,20,21,20,21,20,22,20,21,20,21,61,22,20,21,20,22,61,21,61,22,61,22,61,21,61,22,20,21,61,21,1542,331,82,21,3522,331,82,21,4705
Speed=106,386,21,61,21,62,21,61,21,21,21,20,21,20,22,20,21,61,22,20,21,61,21,20,22,20,21,20,22,61,21,20,21,21,21,61,22,20,21,20,21,62,21,61,21,62,21,20,21,21,21,20,21,61,22,61,21,21,21,20,21,20,21,62,21,61,21,1538,108,302,21,3510,88,3,1,320,21,4692
TimerSet=330,164,22,61,21,61,22,61,21,21,21,20,21,20,21,20,22,61,22,20,21,61,21,20,22,20,21,20,21,62,21,20,21,21,21,20,21,20,21,20,22,20,21,62,21,61,21,20,22,20,21,61,22,61,21,61,22,61,22,20,21,20,21,61,22,60,22,1542,330,83,21,3522,330,82,22,4705
OpenClose=330,164,21,62,21,61,21,62,21,20,22,20,21,20,21,20,21,62,21,20,21,62,21,20,21,21,21,20,21,61,22,20,21,20,22,20,21,20,21,61,22,20,21,20,21,20,22,61,21,21,21,61,21,62,21,20,21,62,21,61,22,61,21,20,21,61,21,1544,330,82,21,3523,91,4705
TrackingUp=331,164,21,62,21,61,21,62,21,20,21,20,22,20,21,20,21,62,21,20,21,62,21,20,21,21,21,20,21,61,22,20,21,20,21,20,22,20,21,61,21,21,21,61,22,61,21,20,21,21,21,61,22,61,21,20,21,62,21,20,21,20,22,61,21,61,21,1543,330,83,21,4705
TrackingDown=330,164,21,62,21,61,21,62,21,20,22,20,21,20,21,20,21,62,21,20,21,62,21,20,21,21,21,20,21,61,22,20,21,20,22,61,21,20,21,62,21,20,21,62,21,61,21,20,22,20,21,20,22,61,21,20,21,62,21,20,22,20,21,61,21,61,21,1543,331,82,21,4705
1=330,164,21,62,21,61,21,62,21,20,22,20,21,20,21,20,21,62,21,20,21,62,21,20,21,21,21,20,21,61,22,20,21,20,22,61,21,20,21,62,21,20,21,20,22,20,21,61,21,21,21,20,21,62,21,20,21,62,21,61,22,61,21,20,21,61,21,1544,330,82,21,3523,331,82,21,4705
2=331,164,21,62,21,61,21,62,21,20,21,20,22,20,21,20,21,62,21,20,21,62,21,20,21,21,21,20,21,61,22,20,21,20,21,20,22,61,21,61,22,20,21,20,22,20,21,61,21,21,21,61,22,20,21,20,21,62,21,61,21,62,21,20,21,61,21,1543,330,83,21,3522,331,82,21,4705
3=330,163,21,62,21,61,21,62,21,20,22,20,21,20,21,20,21,62,21,20,21,62,21,20,21,21,21,20,21,61,22,20,21,20,22,61,21,61,22,61,21,20,22,20,21,20,21,61,22,20,21,20,22,20,21,20,21,62,21,61,22,61,21,20,21,61,21,1539,330,82,21,3513,330,82,21,4692
4=330,164,22,61,21,61,22,61,21,21,21,20,21,20,21,20,22,61,21,20,22,61,21,20,21,21,21,20,21,62,21,20,21,21,21,20,21,20,21,20,22,61,21,20,22,20,21,61,21,21,21,61,22,61,21,61,22,20,21,62,21,61,21,20,22,60,22,1543,331,82,21,3521,330,82,22,4705
5=330,164,22,61,21,61,22,61,21,21,21,20,21,20,21,20,22,61,22,20,21,61,21,20,22,20,21,20,21,62,21,20,21,21,21,20,21,20,21,62,21,62,21,20,21,20,21,62,21,20,21,62,21,61,21,20,22,20,21,62,21,61,21,20,22,60,22,1542,330,83,21,3522,330,82,22,4705
6=330,164,21,62,21,61,21,62,21,20,22,20,21,20,21,20,21,62,21,20,21,62,21,20,21,21,21,20,21,61,22,20,21,20,22,20,21,61,21,20,22,61,21,20,22,20,21,61,21,21,21,61,22,20,21,61,21,21,21,61,22,61,21,20,21,61,21,1544,330,82,22,3521,330,82,21,4705
7=330,164,21,62,21,61,21,62,21,20,22,20,21,20,21,20,21,62,21,20,22,61,21,20,21,21,21,20,21,61,22,20,21,20,22,61,21,61,22,20,21,62,21,20,21,20,21,62,21,20,21,20,22,20,21,61,21,21,21,61,22,61,21,20,21,61,21,1543,330,82,22,3522,330,82,21,4705
8=331,164,21,61,22,61,21,61,22,20,21,20,22,20,21,20,21,62,21,20,21,62,21,20,21,20,22,20,21,61,21,20,22,20,21,20,22,20,21,61,21,62,21,20,22,20,21,61,21,21,21,61,21,62,21,20,21,21,21,61,21,62,21,20,21,61,21,1543,330,82,21,3522,331,82,21,4705
9=330,164,22,61,21,61,22,61,21,21,21,20,21,20,21,20,22,61,22,20,21,61,21,20,22,20,21,20,21,62,21,20,21,21,21,61,21,20,22,61,21,62,21,20,21,20,22,61,21,20,22,20,21,61,21,20,22,20,21,62,21,61,21,20,22,60,22,1541,331,82,21,4705
0=331,164,21,61,22,61,21,61,22,20,21,20,21,20,22,20,21,62,21,20,21,61,22,20,21,20,22,20,21,61,21,20,22,20,21,20,21,62,21,61,21,62,21,20,22,20,21,61,21,21,21,61,22,20,21,20,21,20,22,61,21,61,22,20,21,61,21,1543,331,82,21,4705
Clear=331,164,21,61,22,61,21,61,22,20,21,20,22,20,21,20,21,62,21,20,21,62,21,20,21,20,22,20,21,61,21,20,22,20,21,20,22,20,21,20,21,62,21,61,22,20,21,61,21,21,21,61,21,62,21,61,21,21,21,20,21,62,21,20,21,61,21,1542,331,82,21,3522,330,82,21,4705
Display=330,165,21,61,21,62,21,61,21,21,21,20,21,20,21,20,22,61,22,20,21,61,21,20,22,20,21,20,22,61,21,20,21,21,21,61,21,20,22,61,21,21,21,61,21,20,22,61,21,21,21,20,21,61,22,20,21,61,22,20,21,61,21,20,22,61,21,1541,331,82,21,3521,331,82,21,4705
10=330,164,22,61,21,61,22,61,21,20,22,20,21,20,21,20,21,62,21,20,22,61,21,20,21,21,21,20,21,62,21,20,21,20,22,61,21,20,21,20,22,20,21,62,21,20,21,61,22,20,21,20,22,61,21,61,22,61,21,20,22,61,21,20,21,61,22,1543,331,82,21,4705
Input=330,164,22,61,21,61,22,61,21,21,21,20,21,20,21,20,22,61,22,20,21,61,21,20,22,20,21,20,21,62,21,20,21,21,21,20,21,61,22,61,21,21,21,61,21,62,21,20,21,20,22,61,21,20,21,20,22,61,22,20,21,20,21,61,22,60,22,1541,331,82,21,4705
DVD=330,164,22,61,21,61,22,61,21,21,21,20,21,20,21,20,22,61,21,20,22,61,21,20,21,21,21,20,21,62,21,20,21,21,21,20,21,20,21,20,22,20,21,61,22,20,21,20,21,62,21,61,22,61,21,61,22,61,22,20,21,61,21,62,21,19,22,1543,331,82,21,4705
Mode=331,163,21,61,22,61,21,61,22,20,21,20,21,20,22,20,21,62,21,20,21,61,22,20,21,20,22,20,21,61,21,20,22,20,21,20,21,20,22,61,21,62,21,61,22,20,21,61,21,21,21,61,22,61,21,20,21,21,21,20,21,61,22,20,21,61,21,1539,330,82,22,4692
Play=331,164,21,61,22,61,21,61,22,20,21,20,22,20,21,20,21,62,21,20,21,61,22,20,21,20,22,20,21,61,21,20,22,20,21,20,22,61,21,61,22,61,21,62,21,20,21,61,22,20,21,62,21,20,21,20,21,21,21,20,21,62,21,20,21,61,21,1543,330,82,22,4705
Stop=331,164,21,61,21,62,21,61,21,21,21,20,21,20,22,20,21,62,21,20,21,61,22,20,21,20,21,20,22,61,21,20,21,21,21,20,21,20,22,20,21,20,22,20,21,61,21,62,21,20,21,62,21,61,21,62,21,62,21,61,21,20,22,20,21,61,21,1542,330,82,22,4705
FastForward=331,164,21,61,22,61,21,61,22,20,21,20,21,20,22,20,21,62,21,20,21,61,22,20,21,20,22,20,21,61,21,20,22,20,21,61,22,61,21,20,21,21,21,61,22,20,21,61,21,21,21,20,21,20,22,61,21,62,21,20,21,61,22,20,21,61,21,1542,330,82,22,4705
Rewind=330,164,21,62,21,61,21,62,21,20,22,20,21,20,21,20,21,62,21,20,21,62,21,20,21,21,21,20,21,61,22,20,21,20,22,20,21,61,21,20,22,20,21,61,22,20,21,61,21,21,21,61,22,20,21,61,21,62,21,20,22,61,21,20,21,61,21,1543,330,82,21,4705
Record=330,164,22,61,21,61,22,61,21,21,21,20,21,20,21,20,22,61,22,20,21,61,21,20,22,20,21,20,21,62,21,20,21,21,21,61,21,62,21,61,21,62,21,62,21,61,21,20,22,20,21,20,21,20,22,20,21,20,22,20,21,20,21,61,22,60,22,1541,331,82,21,3521,331,82,21,4705
Previous=119,372,21,62,21,61,21,62,21,20,22,20,21,20,21,20,21,62,21,20,22,61,21,20,21,21,21,20,21,61,22,20,21,20,22,61,21,20,21,62,21,62,21,61,21,20,22,61,21,20,22,20,21,61,21,20,22,20,21,20,22,61,21,20,21,61,21,1538,129,282,22,4692
Next=330,164,22,61,21,61,22,61,21,20,22,20,21,20,21,20,21,62,21,20,22,61,21,20,21,21,21,20,21,62,21,20,21,20,22,61,21,61,22,61,21,62,21,61,22,20,21,61,21,21,21,20,21,20,22,20,21,20,21,20,22,61,21,20,21,61,22,1541,331,82,21,4705
Pause=192,299,21,62,21,61,21,62,21,20,22,20,21,20,21,20,21,62,21,20,21,62,21,20,21,21,21,20,21,61,22,20,21,20,22,61,21,61,22,20,21,61,22,61,21,20,21,62,21,20,22,20,20,21,17,65,22,20,19,22,15,68,21,20,18,64,21,1539,108,303,21,4692
Title=331,164,21,62,21,61,21,62,21,20,21,20,22,20,21,20,21,62,21,20,21,62,21,20,21,21,21,20,21,61,22,20,21,20,21,20,22,20,21,20,21,21,21,61,21,62,21,61,21,21,21,61,22,61,21,61,22,61,21,20,22,20,21,20,21,61,21,1543,330,83,21,3522,331,82,21,4705
Search=330,164,21,62,21,61,21,62,21,20,22,20,21,20,21,20,21,62,21,20,21,62,21,20,21,21,21,20,21,61,22,20,21,20,22,61,21,61,22,61,21,20,22,61,21,20,21,62,21,20,22,20,21,20,21,20,21,62,21,20,22,61,21,20,21,61,21,1543,331,82,21,3522,331,82,21,4705
Audio=331,164,21,61,22,61,21,61,22,20,21,20,22,20,21,20,21,62,21,20,21,62,21,20,21,20,22,20,21,61,21,20,22,20,21,62,21,61,21,20,22,61,22,61,21,20,21,62,21,20,21,20,22,20,21,61,21,21,21,20,21,62,21,20,21,61,21,1543,330,82,21,3522,331,82,21,4705
ArrowUp=331,164,21,61,22,61,21,61,22,20,21,20,22,20,21,20,21,62,21,20,21,61,22,20,21,20,22,20,21,61,21,20,22,20,21,62,21,61,21,62,21,20,21,62,21,61,21,62,21,20,22,20,21,20,21,20,21,62,21,20,22,20,21,20,21,61,21,1543,330,82,22,3522,331,82,21,4705
ArrowDown=330,165,21,61,21,62,21,61,21,21,21,20,21,20,22,20,21,61,22,20,21,61,21,20,22,20,21,20,22,61,21,20,21,21,21,20,21,20,22,20,21,61,22,61,21,61,22,61,21,21,21,61,21,62,21,61,21,21,21,20,21,20,22,20,21,61,21,1542,330,82,22,4705
ArrowLeft=330,164,22,61,21,61,22,61,21,20,22,20,21,20,21,20,21,62,21,20,22,61,21,20,21,21,21,20,21,62,21,20,21,20,22,61,21,20,21,62,21,20,22,61,21,61,22,61,21,21,21,20,21,61,22,20,21,61,22,20,21,20,21,20,21,61,22,1543,330,82,21,3523,331,82,21,4705
ArrowRight=330,165,21,61,21,62,21,61,21,21,21,20,21,20,22,20,21,61,22,20,21,61,21,20,22,20,21,20,22,61,21,20,21,21,21,20,21,62,21,61,21,21,21,61,21,62,21,61,21,21,21,61,22,20,21,20,21,62,21,20,21,20,22,20,21,61,21,1542,331,82,21,4705
DiskMenu=330,164,22,61,21,61,22,61,21,20,22,20,21,20,21,20,21,62,21,20,22,61,21,20,21,21,21,20,21,62,21,20,21,20,22,61,21,20,21,20,22,20,21,62,21,61,21,62,21,20,22,20,21,61,21,62,21,61,22,20,21,20,21,20,21,61,22,1541,330,83,21,4705
OK=331,164,21,61,22,61,21,61,22,20,21,20,21,20,22,20,21,62,21,20,21,61,22,20,21,20,22,20,21,61,21,20,22,20,21,20,21,62,21,20,21,21,21,61,21,62,21,61,21,21,21,61,22,20,21,61,21,62,21,20,21,20,22,20,21,61,21,1542,330,82,22,3521,331,82,21,4705
Setup=331,164,21,61,22,61,21,61,22,20,21,20,21,20,22,20,21,62,21,20,21,61,22,20,21,20,22,20,21,61,21,20,22,20,21,20,21,20,22,61,21,21,21,61,21,62,21,61,21,21,21,61,22,61,21,20,21,62,21,20,21,20,22,20,21,61,21,1543,331,82,21,4705
Zoom=331,164,21,62,21,61,21,62,21,20,21,20,22,20,21,20,21,62,21,20,21,62,21,20,21,21,21,20,21,61,22,20,21,20,21,62,21,20,21,20,21,21,21,20,21,20,22,20,21,62,21,20,21,61,22,61,21,62,21,61,21,62,21,61,21,20,21,1542,330,82,22,3521,330,82,22,4705
Return=331,164,21,61,22,61,21,61,22,20,21,20,22,20,21,20,21,62,21,20,21,62,21,20,21,20,22,20,21,61,21,20,22,20,21,62,21,61,21,20,22,20,21,62,21,61,21,62,21,20,21,20,22,20,21,61,21,62,21,20,22,20,21,20,21,61,21,1543,331,82,21,4705
Subtitle=330,164,22,61,21,61,22,61,21,21,21,20,21,20,21,20,22,61,21,20,22,61,21,20,21,21,21,20,21,62,21,20,21,21,21,61,21,20,22,20,21,61,22,61,21,61,22,61,21,21,21,20,21,61,22,61,21,21,21,20,21,20,21,20,22,60,22,1543,331,82,21,4705
Angle=330,164,22,61,21,61,22,61,21,20,22,20,21,20,21,20,21,62,21,20,22,61,21,20,21,21,21,20,21,62,21,20,21,20,22,61,21,20,21,20,22,61,22,61,21,61,22,61,21,21,21,20,21,61,22,61,21,20,22,20,21,20,21,20,21,61,22,1543,331,82,21,4705
Repeat=330,164,21,62,21,61,21,62,21,20,22,20,21,20,21,20,21,62,21,20,21,62,21,20,21,21,21,20,21,61,22,20,21,20,22,20,21,20,21,20,21,21,21,61,21,20,22,61,21,21,21,61,21,62,21,61,21,62,21,20,22,61,21,20,21,61,21,1542,331,82,21,3522,330,82,22,4705
AB=330,164,22,61,21,61,22,61,21,20,22,20,21,20,21,20,21,62,21,20,22,61,21,20,21,21,21,20,21,62,21,20,21,20,22,61,21,61,22,20,21,20,22,20,21,20,21,61,22,20,21,20,22,20,21,61,21,62,21,61,22,61,21,20,21,61,22,1543,330,82,21,4705
