OpenClose=96,32,17,31,16,16,16,16,48,48,16,16,16,16,16,16,16,16,32,31,16,16,16,16,32,31,16,16,16,16,16,16,32,31,16,3000,96,32,17,31,16,16,16,16,48,48,16,16,16,16,16,16,16,16,32,31,16,16,16,16,32,31,16,16,16,16,16,16,32,31,16,4651
Power=32,17,31,16,16,16,16,17,31,32,16,16,16,16,16,16,16,16,16,32,31,16,16,16,16,16,16,16,16,16,16,32,16,16,30,16,16,16,2999,96,32,17,31,16,16,16,16,17,31,32,16,16,16,16,16,16,16,16,16,32,31,16,16,16,16,16,16,16,16,16,16,32,16,16,30,16,16,16,4651
1=96,32,17,31,16,16,16,16,17,31,32,16,16,16,16,16,16,16,16,16,32,31,16,16,16,16,16,16,16,16,16,16,16,16,16,16,16,16,32,3013,96,32,17,31,16,16,16,16,17,31,32,16,16,16,16,16,16,16,16,16,32,31,16,16,16,16,16,16,16,16,16,16,16,16,16,16,16,16,32,4651
2=96,32,17,31,16,16,16,16,48,48,16,16,16,16,16,16,16,16,32,31,16,16,16,16,16,16,16,16,16,16,16,16,16,16,32,31,16,3000,96,32,17,31,16,16,16,16,48,48,16,16,16,16,16,16,16,16,32,31,16,16,16,16,16,16,16,16,16,16,16,16,16,16,32,31,16,4651
3=96,32,17,31,16,16,16,16,48,48,16,16,16,16,16,16,16,16,32,31,16,16,16,16,16,16,16,16,16,16,16,16,16,16,32,16,16,3014,96,32,17,31,16,16,16,16,48,48,16,16,16,16,16,16,16,16,32,31,16,16,16,16,16,16,16,16,16,16,16,16,16,16,32,16,16,4651
4=96,32,17,31,16,16,16,16,17,31,32,16,16,16,16,16,16,16,16,16,32,31,16,16,16,16,16,16,16,16,16,16,16,16,32,31,16,16,16,2999,96,32,17,31,16,16,16,16,17,31,32,16,16,16,16,16,16,16,16,16,32,31,16,16,16,16,16,16,16,16,16,16,16,16,32,31,16,16,16,4651
5=96,32,17,31,16,16,16,16,48,48,16,16,16,16,16,16,16,16,32,31,16,16,16,16,16,16,16,16,16,16,16,16,32,31,32,3015,96,32,17,31,16,16,16,16,48,48,16,16,16,16,16,16,16,16,32,31,16,16,16,16,16,16,16,16,16,16,16,16,32,31,32,4651
6=96,32,17,31,16,16,16,16,17,31,32,16,16,16,16,16,16,16,16,16,32,31,16,16,16,16,16,16,16,16,16,16,16,16,32,16,16,30,16,2999,96,32,17,31,16,16,16,16,17,31,32,16,16,16,16,16,16,16,16,16,32,31,16,16,16,16,16,16,16,16,16,16,16,16,32,16,16,30,16,4651
7=96,32,17,31,16,16,16,16,48,48,16,16,16,16,16,16,16,16,32,31,16,16,16,16,16,16,16,16,16,16,16,16,32,16,16,16,16,3014,96,32,17,31,16,16,16,16,48,48,16,16,16,16,16,16,16,16,32,31,16,16,16,16,16,16,16,16,16,16,16,16,32,16,16,16,16,4651
8=96,32,17,31,16,16,16,16,17,31,32,16,16,16,16,16,16,16,16,16,32,31,16,16,16,16,16,16,16,16,16,16,32,31,16,16,16,16,16,2999,96,32,17,31,16,16,16,16,17,31,32,16,16,16,16,16,16,16,16,16,32,31,16,16,16,16,16,16,16,16,16,16,32,31,16,16,16,16,16,4651
9=96,32,17,31,16,16,16,16,17,31,32,16,16,16,16,16,16,16,16,16,32,31,16,16,16,16,16,16,16,16,16,16,32,31,16,16,32,3013,96,32,17,31,16,16,16,16,17,31,32,16,16,16,16,16,16,16,16,16,32,31,16,16,16,16,16,16,16,16,16,16,32,31,16,16,32,4651
0=96,32,17,31,16,16,16,16,48,48,16,16,16,16,16,16,16,16,32,31,16,16,16,16,16,16,16,16,16,16,16,16,16,16,16,16,16,16,16,3000,96,32,17,31,16,16,16,16,48,48,16,16,16,16,16,16,16,16,32,31,16,16,16,16,16,16,16,16,16,16,16,16,16,16,16,16,16,16,16,4651
10=96,32,17,31,16,16,16,16,17,31,32,16,16,16,16,16,16,16,16,16,32,31,16,16,16,16,32,16,16,16,16,16,16,30,16,16,16,16,16,2999,96,32,17,31,16,16,16,16,17,31,32,16,16,16,16,16,16,16,16,16,32,31,16,16,16,16,32,16,16,16,16,16,16,30,16,16,16,16,16,4651
Clear=96,32,17,31,16,16,16,16,17,31,32,16,16,16,16,16,16,16,16,16,32,31,16,16,16,16,16,16,32,16,16,16,16,30,32,31,16,2999,96,32,17,31,16,16,16,16,17,31,32,16,16,16,16,16,16,16,16,16,32,31,16,16,16,16,16,16,32,16,16,16,16,30,32,31,16,4651
TrakingUp=96,32,17,31,16,16,16,16,48,48,16,16,16,16,16,16,16,16,32,31,16,16,32,16,16,16,16,16,16,30,32,16,16,30,16,3000,96,32,17,31,16,16,16,16,48,48,16,16,16,16,16,16,16,16,32,31,16,16,32,16,16,16,16,16,16,30,32,16,16,30,16,4651
TrakingDown=96,32,17,31,16,16,16,16,17,31,32,16,16,16,16,16,16,16,16,16,32,31,16,16,32,16,16,16,16,16,16,30,32,31,32,3013,96,32,17,31,16,16,16,16,17,31,32,16,16,16,16,16,16,16,16,16,32,31,16,16,32,16,16,16,16,16,16,30,32,31,32,4651
Title=96,32,17,31,16,16,16,16,17,31,32,16,16,16,16,16,16,16,16,16,32,31,16,16,32,16,16,30,16,16,32,31,16,16,32,3013,96,32,17,31,16,16,16,16,17,31,32,16,16,16,16,16,16,16,16,16,32,31,16,16,32,16,16,30,16,16,32,31,16,16,32,4651
VCR=96,32,17,31,16,16,16,16,48,48,16,16,16,16,16,16,16,16,32,31,16,16,32,31,16,16,16,16,32,16,16,30,32,3015,96,32,17,31,16,16,16,16,48,48,16,16,16,16,16,16,16,16,32,31,16,16,32,31,16,16,16,16,32,16,16,30,32,4651
Setup=96,32,17,31,16,16,16,16,48,48,16,16,16,16,16,16,16,16,32,31,16,16,32,31,16,16,16,16,16,16,16,16,32,31,16,3000,96,32,17,31,16,16,16,16,48,48,16,16,16,16,16,16,16,16,32,31,16,16,32,31,16,16,16,16,16,16,16,16,32,31,16,4651
DVD=96,32,17,31,16,16,16,16,17,31,32,16,16,16,16,16,16,16,16,16,32,31,16,16,16,16,32,16,16,16,16,16,16,16,16,16,16,16,16,3013,96,32,17,31,16,16,16,16,17,31,32,16,16,16,16,16,16,16,16,16,32,31,16,16,16,16,32,16,16,16,16,16,16,16,16,16,16,16,16,4651
Input=96,32,17,31,16,16,16,16,48,48,16,16,16,16,16,16,16,16,32,31,16,16,16,16,16,16,32,16,16,16,16,16,16,16,16,16,16,3014,96,32,17,31,16,16,16,16,48,48,16,16,16,16,16,16,16,16,32,31,16,16,16,16,16,16,32,16,16,16,16,16,16,16,16,16,16,4651
Menu=96,32,17,31,16,16,16,16,17,31,32,16,16,16,16,16,16,16,16,16,32,31,16,16,16,16,32,31,32,31,32,31,16,16,16,2999,96,32,17,31,16,16,16,16,17,31,32,16,16,16,16,16,16,16,16,16,32,31,16,16,16,16,32,31,32,31,32,31,16,16,16,4651
OK=96,32,17,31,16,16,16,16,48,48,16,16,16,16,16,16,16,16,32,31,16,16,16,16,32,31,32,16,16,16,16,30,16,16,16,3000,96,32,17,31,16,16,16,16,48,48,16,16,16,16,16,16,16,16,32,31,16,16,16,16,32,31,32,16,16,16,16,30,16,16,16,4651
ArrowUp=96,32,17,31,16,16,16,16,17,31,32,16,16,16,16,16,16,16,16,16,32,31,16,16,16,16,32,31,32,16,16,30,16,16,16,16,16,2999,96,32,17,31,16,16,16,16,17,31,32,16,16,16,16,16,16,16,16,16,32,31,16,16,16,16,32,31,32,16,16,30,16,16,16,16,16,4651
ArrowDown=96,32,17,31,16,16,16,16,48,48,16,16,16,16,16,16,16,16,32,31,16,16,16,16,32,31,32,16,16,30,16,16,32,3015,96,32,17,31,16,16,16,16,48,48,16,16,16,16,16,16,16,16,32,31,16,16,16,16,32,31,32,16,16,30,16,16,32,4651
ArrowLeft=96,32,17,31,16,16,16,16,17,31,32,16,16,16,16,16,16,16,16,16,32,31,16,16,16,16,32,31,32,16,16,30,32,31,16,2999,96,32,17,31,16,16,16,16,17,31,32,16,16,16,16,16,16,16,16,16,32,31,16,16,16,16,32,31,32,16,16,30,32,31,16,4651
ArrowRight=96,32,17,31,16,16,16,16,48,48,16,16,16,16,16,16,16,16,32,31,16,16,16,16,32,31,32,16,16,30,32,16,16,3014,96,32,17,31,16,16,16,16,48,48,16,16,16,16,16,16,16,16,32,31,16,16,16,16,32,31,32,16,16,30,32,16,16,4651
Previous=96,32,17,31,16,16,16,16,17,31,32,16,16,16,16,16,16,16,16,16,32,31,16,16,16,16,16,16,32,31,16,16,16,16,16,16,32,3013,96,32,17,31,16,16,16,16,17,31,32,16,16,16,16,16,16,16,16,16,32,31,16,16,16,16,16,16,32,31,16,16,16,16,16,16,32,4651
Next=96,32,17,31,16,16,16,16,48,48,16,16,16,16,16,16,16,16,32,31,16,16,16,16,16,16,32,31,16,16,16,16,16,16,16,16,16,3000,96,32,17,31,16,16,16,16,48,48,16,16,16,16,16,16,16,16,32,31,16,16,16,16,16,16,32,31,16,16,16,16,16,16,16,16,16,4651
Rewind=96,32,17,31,16,16,16,16,48,48,16,16,16,16,16,16,16,16,32,31,16,16,16,16,16,16,32,31,32,31,16,16,32,3015,96,32,17,31,16,16,16,16,48,48,16,16,16,16,16,16,16,16,32,31,16,16,16,16,16,16,32,31,32,31,16,16,32,4651
Play=96,32,17,31,16,16,16,16,17,31,32,16,16,16,16,16,16,16,16,16,32,31,16,16,16,16,16,16,32,31,32,16,16,30,16,16,16,2999,96,32,17,31,16,16,16,16,17,31,32,16,16,16,16,16,16,16,16,16,32,31,16,16,16,16,16,16,32,31,32,16,16,30,16,16,16,4651
FastForward=96,32,17,31,16,16,16,16,17,31,32,16,16,16,16,16,16,16,16,16,32,31,16,16,16,16,16,16,32,31,32,31,16,16,16,16,16,2999,96,32,17,31,16,16,16,16,17,31,32,16,16,16,16,16,16,16,16,16,32,31,16,16,16,16,16,16,32,31,32,31,16,16,16,16,16,4651
Stop=96,32,17,31,16,16,16,16,48,48,16,16,16,16,16,16,16,16,32,31,16,16,16,16,16,16,32,16,16,30,16,16,16,16,32,3015,96,32,17,31,16,16,16,16,48,48,16,16,16,16,16,16,16,16,32,31,16,16,16,16,16,16,32,16,16,30,16,16,16,16,32,4651
Pause=96,32,17,31,16,16,16,16,17,31,32,16,16,16,16,16,16,16,16,16,32,31,16,16,16,16,16,16,32,16,16,30,16,16,16,16,16,16,16,2999,96,32,17,31,16,16,16,16,17,31,32,16,16,16,16,16,16,16,16,16,32,31,16,16,16,16,16,16,32,16,16,30,16,16,16,16,16,16,16,4651
Back=96,32,17,31,16,16,16,16,48,48,16,16,16,16,16,16,16,16,32,31,16,16,32,31,16,16,16,16,16,16,16,16,32,16,16,3014,96,32,17,31,16,16,16,16,48,48,16,16,16,16,16,16,16,16,32,31,16,16,32,31,16,16,16,16,16,16,16,16,32,16,16,4651
Display=96,32,17,31,16,16,16,16,17,31,32,16,16,16,16,16,16,16,16,16,32,31,16,16,16,16,16,16,16,16,16,16,32,16,16,16,16,16,16,3013,96,32,17,31,16,16,16,16,17,31,32,16,16,16,16,16,16,16,16,16,32,31,16,16,16,16,16,16,16,16,16,16,32,16,16,16,16,16,16,4651
Subtitle=96,32,17,31,16,16,16,16,48,48,16,16,16,16,16,16,16,16,32,31,16,16,16,16,32,31,16,16,32,31,32,16,16,3014,96,32,17,31,16,16,16,16,48,48,16,16,16,16,16,16,16,16,32,31,16,16,16,16,32,31,16,16,32,31,32,16,16,4651
Zoom=96,32,17,31,16,16,16,16,48,48,16,16,16,16,16,16,16,16,32,31,16,16,32,16,16,16,16,16,16,30,32,16,16,16,16,3014,96,32,17,31,16,16,16,16,48,48,16,16,16,16,16,16,16,16,32,31,16,16,32,16,16,16,16,16,16,30,32,16,16,16,16,4651
Audio=96,32,17,31,16,16,16,16,17,31,32,16,16,16,16,16,16,16,16,16,32,31,16,16,16,16,32,31,16,16,32,16,16,16,16,30,16,2999,96,32,17,31,16,16,16,16,17,31,32,16,16,16,16,16,16,16,16,16,32,31,16,16,16,16,32,31,16,16,32,16,16,16,16,30,16,4651
Angle=96,32,17,31,16,16,16,16,48,48,16,16,16,16,16,16,16,16,32,31,16,16,32,31,16,16,16,16,16,16,32,31,32,3015,96,32,17,31,16,16,16,16,48,48,16,16,16,16,16,16,16,16,32,31,16,16,32,31,16,16,16,16,16,16,32,31,32,4651
Search=54,3,1,69,13,35,16,16,15,16,15,33,20,28,11,21,12,20,12,20,12,20,13,49,15,17,14,34,10,35,17,44,16,16,15,47,16,2956,96,31,17,31,16,16,16,15,17,31,32,16,16,16,16,16,16,16,16,16,32,30,16,16,32,16,16,29,32,30,16,16,32,30,16,4584
Repeat=96,32,17,31,16,16,16,16,48,48,16,16,16,16,16,16,16,16,32,31,16,16,16,16,16,16,16,16,32,16,16,16,16,30,32,3015,96,32,17,31,16,16,16,16,48,48,16,16,16,16,16,16,16,16,32,31,16,16,16,16,16,16,16,16,32,16,16,16,16,30,32,4651
AB=342,170,21,64,21,64,21,64,21,22,21,64,21,64,21,64,21,64,21,22,21,22,21,22,21,64,21,22,21,22,21,22,21,22,21,22,21,64,21,22,21,22,21,22,21,22,21,22,21,22,21,64,21,22,21,64,21,64,21,64,21,64,21,64,21,64,21,1523,342,85,21,4863
Record=96,32,17,31,16,16,16,16,17,31,32,16,16,16,16,16,16,16,16,16,32,31,16,16,16,16,16,16,32,16,16,30,32,16,16,16,16,3013,96,32,17,31,16,16,16,16,17,31,32,16,16,16,16,16,16,16,16,16,32,31,16,16,16,16,16,16,32,16,16,30,32,16,16,16,16,4651
Speed=96,32,17,31,16,16,16,16,48,48,16,16,16,16,16,16,16,16,32,31,16,16,32,16,16,16,16,30,32,16,16,16,16,16,16,3014,96,32,17,31,16,16,16,16,48,48,16,16,16,16,16,16,16,16,32,31,16,16,32,16,16,16,16,30,32,16,16,16,16,16,16,4651
Mode=96,32,17,31,16,16,16,16,17,31,32,16,16,16,16,16,16,16,16,16,32,31,16,16,32,16,16,16,16,16,16,16,16,30,32,31,16,2999,96,32,17,31,16,16,16,16,17,31,32,16,16,16,16,16,16,16,16,16,32,31,16,16,32,16,16,16,16,16,16,16,16,30,32,31,16,4651
TimerSet=96,32,17,31,16,16,16,16,17,31,32,16,16,16,16,16,16,16,16,16,32,31,16,16,32,16,16,16,16,16,16,30,16,16,32,31,16,2999,96,32,17,31,16,16,16,16,17,31,32,16,16,16,16,16,16,16,16,16,32,31,16,16,32,16,16,16,16,16,16,30,16,16,32,31,16,4651
