Power=sendir,2:1,1,37878,1,1,342,171,22,21,22,64,22,21,22,64,22,64,22,21,22,64,22,64,22,64,22,21,22,21,22,21,22,21,22,21,22,21,22,21,22,21,22,21,22,21,22,21,22,21,22,64,22,21,22,21,22,64,22,64,22,64,22,64,22,64,22,21,22,64,22,64,22,1592,342,86,22,3656,342,86,22,4848
Source=sendir,2:1,2,37878,1,1,342,171,22,21,22,64,22,21,22,64,22,64,22,21,22,64,22,64,22,64,22,21,22,21,22,21,22,21,22,21,22,21,22,21,22,21,22,21,22,21,22,21,22,21,22,64,22,21,22,21,22,64,22,64,22,64,22,64,22,64,22,21,22,64,22,64,22,1592,23,4848
MenuInfo=sendir,2:1,3,37878,1,1,342,171,22,21,22,64,22,21,22,64,22,64,22,21,22,64,22,64,22,64,22,21,22,21,22,21,22,21,22,21,22,21,22,21,22,64,22,21,22,21,22,21,22,21,22,64,22,21,22,21,22,21,22,64,22,64,22,64,22,64,22,21,22,64,22,64,22,1593,342,86,22,4848
Timer1=sendir,2:1,4,37764,1,1,342,171,22,21,22,64,22,21,22,64,22,64,22,21,22,64,22,64,22,64,22,21,22,21,22,21,22,21,22,21,22,21,22,21,22,21,22,64,22,21,22,21,22,64,22,64,22,21,22,21,22,64,22,21,22,64,22,64,22,21,22,21,22,64,22,64,22,1590,342,86,22,4833
Timer2=sendir,2:1,5,37650,1,1,21,65,22,64,22,21,22,64,22,64,22,64,22,21,22,21,22,21,22,21,22,21,22,21,22,21,22,21,22,64,22,21,22,21,22,64,22,21,22,64,22,21,22,64,22,21,22,64,22,64,22,21,22,64,22,21,22,64,22,1584,342,86,22,4819
VolumeUp=sendir,2:1,6,37878,1,1,342,171,22,21,22,64,22,21,22,64,22,64,22,21,22,64,22,64,22,64,22,21,22,21,22,21,22,21,22,21,22,21,22,21,22,64,22,64,22,21,22,21,22,64,22,64,22,21,22,21,22,21,22,21,22,64,22,64,22,21,22,21,22,64,22,64,22,1595,342,86,22,4848
VolumeDn=sendir,2:1,7,37878,1,1,342,171,22,21,22,64,22,21,22,64,22,64,22,21,22,64,22,64,22,64,22,21,22,21,22,21,22,21,22,21,22,21,22,21,22,21,22,21,22,64,22,64,22,64,22,64,22,64,22,21,22,64,22,64,22,21,22,21,22,21,22,21,22,21,22,64,22,1594,342,86,22,3661,219,4848
TuningUp=sendir,2:1,9,37764,1,1,342,171,22,21,22,64,22,21,22,64,22,64,22,21,22,64,22,64,22,64,22,21,22,21,22,21,22,21,22,21,22,21,22,21,22,64,22,21,22,64,22,64,22,64,22,64,22,21,22,21,22,21,22,64,22,21,22,21,22,21,22,21,22,64,22,64,22,1591,342,86,22,3652,342,86,22,4833
TuningDn=sendir,2:1,10,37878,1,1,342,171,22,21,22,64,22,21,22,64,22,64,22,21,22,64,22,64,22,64,22,21,22,21,22,21,22,21,22,21,22,21,22,21,22,64,22,21,22,64,22,64,22,64,22,64,22,64,22,21,22,21,22,64,22,21,22,21,22,21,22,21,22,21,22,64,22,4848
Nap=sendir,2:1,11,37878,1,1,342,171,22,21,22,64,22,21,22,64,22,64,22,21,22,64,22,64,22,64,22,21,22,21,22,21,22,21,22,21,22,21,22,21,22,21,22,21,22,64,22,21,22,64,22,21,22,64,22,64,22,64,22,64,22,21,22,64,22,21,22,64,22,21,22,21,22,1593,342,86,22,4848
Tone=sendir,2:1,12,37878,1,1,342,171,22,21,22,64,22,21,22,64,22,64,22,21,22,64,22,64,22,64,22,21,22,21,22,21,22,21,22,21,22,21,22,21,22,21,22,64,22,64,22,64,22,64,22,21,22,64,22,64,22,64,22,21,22,21,22,21,22,21,22,64,22,21,22,21,22,1593,342,86,22,3657,342,86,22,4848
Select=sendir,2:1,13,37878,1,1,342,171,22,21,22,64,22,21,22,64,22,64,22,21,22,64,22,64,22,64,22,21,22,21,22,21,22,21,22,21,22,21,22,21,22,64,22,21,22,21,22,21,22,64,22,21,22,21,22,21,22,21,22,64,22,64,22,64,22,21,22,64,22,64,22,64,22,1593,342,86,22,4848
1=sendir,2:1,14,37878,1,1,342,171,22,21,22,64,22,21,22,64,22,64,22,21,22,64,22,64,22,64,22,21,22,21,22,21,22,21,22,21,22,21,22,21,22,21,22,64,22,21,22,21,22,64,22,21,22,21,22,21,22,64,22,21,22,64,22,64,22,21,22,64,22,64,22,64,22,1593,342,86,22,3657,342,86,22,4848
2=sendir,2:1,15,37878,1,1,334,171,21,21,22,64,22,21,22,64,22,64,22,21,22,64,22,64,22,64,22,21,22,21,22,21,22,21,22,21,22,21,22,21,22,64,22,64,22,21,22,21,22,64,22,21,22,21,22,21,22,21,22,21,22,64,22,64,22,21,22,64,22,64,22,64,22,1593,1,3,337,86,22,3658,1,13,327,86,21,4848
3=sendir,2:1,16,37878,1,1,342,171,22,21,22,64,22,21,22,64,22,64,22,21,22,64,22,64,22,64,22,21,22,21,22,21,22,21,22,21,22,21,22,21,22,64,22,21,22,64,22,21,22,64,22,21,22,21,22,21,22,21,22,64,22,21,22,64,22,21,22,64,22,64,22,64,22,1593,342,86,22,3660,342,86,22,4848
4=sendir,2:1,20,37878,1,1,342,171,22,21,22,64,22,21,22,64,22,64,22,21,22,64,22,64,22,64,22,21,22,21,22,21,22,21,22,21,22,21,22,21,22,21,22,64,22,64,22,21,22,64,22,21,22,21,22,21,22,64,22,21,22,21,22,64,22,21,22,64,22,64,22,64,22,1592,342,86,22,3659,342,86,22,4848
5=sendir,2:1,21,37878,1,1,342,171,22,21,22,64,22,21,22,64,22,64,22,21,22,64,22,64,22,64,22,21,22,21,22,21,22,21,22,21,22,21,22,21,22,64,22,64,22,64,22,21,22,64,22,21,22,21,22,21,22,21,22,21,22,21,22,64,22,21,22,64,22,64,22,64,22,1593,342,86,22,3659,342,86,22,3660,342,86,22,4848
PlayMode=sendir,2:1,22,37878,1,1,342,171,22,21,22,64,22,21,22,64,22,64,22,21,22,64,22,64,22,64,22,21,22,21,22,21,22,21,22,21,22,21,22,21,22,21,22,21,22,64,22,21,22,64,22,21,22,21,22,21,22,64,22,64,22,21,22,64,22,21,22,64,22,64,22,64,22,1593,342,86,22,3657,342,86,22,4848
