open/close	sendir,2:1,9,40100,1,1,97,24,24,24,48,24,48,24,24,24,48,24,24,24,24,24,24,24,48,344,16,24,24,24,24,24,48,24,48,24,48,505,97,24,24,24,48,24,48,24,24,24,48,24,24,24,24,24,24,24,48,24,24,24,48,24,48,24,24,24,48,24,24,24,24,24,24,24,48,24,48,24,48,505,97,24,24,24,48,24,48,24,24,24,48,24,24,24,24,24,24,24,48,24,24,24,48,24,48,24,24,24,48,24,24,24,24,24,24,24,48,24,48,24,48,4010
imput				sendir,2:1,6,40100,1,1,97,24,48,24,24,24,48,24,24,24,24,24,48,24,24,24,48,24,24,24,24,24,24,24,24,1032,97,24,48,24,24,24,48,24,24,24,24,24,48,24,24,24,48,24,24,24,24,24,24,24,24,1032,97,24,48,24,24,24,48,24,24,24,24,24,48,24,24,24,48,24,24,24,24,24,24,24,24,1035,97,24,48,24,24,24,48,24,24,24,24,24,48,24,24,24,48,24,24,24,24,24,24,24,24,4010
power1			sendir,2:1,7,40100,1,1,97,24,48,24,24,24,48,24,24,24,48,24,24,24,24,24,48,24,24,24,24,24,24,24,24,1032,97,24,48,24,24,24,48,24,24,24,48,24,24,24,24,24,48,24,24,24,24,24,24,24,24,1032,97,24,48,24,24,24,48,24,24,24,48,24,24,24,24,24,48,24,24,24,24,24,24,24,24,1035,97,24,48,24,24,24,48,24,24,24,48,24,24,24,24,24,48,24,24,24,24,24,24,24,24,4010
power2			sendir,2:1,8,40100,1,1,97,24,48,24,24,24,48,24,24,24,48,24,24,24,24,24,24,24,48,344,16,24,24,24,24,24,48,24,48,24,48,505,97,24,48,24,24,24,48,24,24,24,48,24,24,24,24,24,24,24,48,24,24,24,48,24,48,24,24,24,48,24,24,24,24,24,24,24,48,24,48,24,48,505,97,24,48,24,24,24,48,24,24,24,48,24,24,24,24,24,24,24,48,24,24,24,48,24,48,24,24,24,48,24,24,24,24,24,24,24,48,24,48,24,48,4010
1						sendir,2:1,12,40100,1,1,97,24,24,24,24,24,24,24,24,24,24,24,24,24,24,24,24,24,48,344,16,24,24,24,24,24,48,24,48,24,48,577,97,24,24,24,24,24,24,24,24,24,24,24,24,24,24,24,24,24,48,24,24,24,48,24,48,24,24,24,48,24,24,24,24,24,24,24,48,24,48,24,48,577,97,24,24,24,24,24,24,24,24,24,24,24,24,24,24,24,24,24,48,24,24,24,48,24,48,24,24,24,48,24,24,24,24,24,24,24,48,24,48,24,48,4010
2						sendir,2:1,13,40100,1,1,97,24,48,24,24,24,24,24,24,24,24,24,24,24,24,24,24,24,48,344,16,24,24,24,24,24,48,24,48,24,48,553,97,24,48,24,24,24,24,24,24,24,24,24,24,24,24,24,24,24,48,24,24,24,48,24,48,24,24,24,48,24,24,24,24,24,24,24,48,24,48,24,48,553,97,24,48,24,24,24,24,24,24,24,24,24,24,24,24,24,24,24,48,24,24,24,48,24,48,24,24,24,48,24,24,24,24,24,24,24,48,24,48,24,48,4010
3						sendir,2:1,14,40100,1,1,97,24,24,24,48,24,24,24,24,24,24,24,24,24,24,24,24,24,48,344,16,24,24,24,24,24,48,24,48,24,48,553,97,24,24,24,48,24,24,24,24,24,24,24,24,24,24,24,24,24,48,24,24,24,48,24,48,24,24,24,48,24,24,24,24,24,24,24,48,24,48,24,48,553,97,24,24,24,48,24,24,24,24,24,24,24,24,24,24,24,24,24,48,24,24,24,48,24,48,24,24,24,48,24,24,24,24,24,24,24,48,24,48,24,48,4010
4						sendir,2:1,16,40100,1,1,97,24,48,24,48,24,24,24,24,24,24,24,24,24,24,24,24,24,48,344,16,24,24,24,24,24,48,24,48,24,48,529,97,24,48,24,48,24,24,24,24,24,24,24,24,24,24,24,24,24,48,24,24,24,48,24,48,24,24,24,48,24,24,24,24,24,24,24,48,24,48,24,48,529,97,24,48,24,48,24,24,24,24,24,24,24,24,24,24,24,24,24,48,24,24,24,48,24,48,24,24,24,48,24,24,24,24,24,24,24,48,24,48,24,48,4010
5						sendir,2:1,17,40100,1,1,97,24,24,24,24,24,48,24,24,24,24,24,24,24,24,24,24,24,48,344,16,24,24,24,24,24,48,24,48,24,48,553,97,24,24,24,24,24,48,24,24,24,24,24,24,24,24,24,24,24,48,24,24,24,48,24,48,24,24,24,48,24,24,24,24,24,24,24,48,24,48,24,48,553,97,24,24,24,24,24,48,24,24,24,24,24,24,24,24,24,24,24,48,24,24,24,48,24,48,24,24,24,48,24,24,24,24,24,24,24,48,24,48,24,48,4010
6						sendir,2:1,20,40100,1,1,97,24,48,24,24,24,48,24,24,24,24,24,24,24,24,24,24,24,48,344,16,24,24,24,24,24,48,24,48,24,48,529,97,24,48,24,24,24,48,24,24,24,24,24,24,24,24,24,24,24,48,24,24,24,48,24,48,24,24,24,48,24,24,24,24,24,24,24,48,24,48,24,48,529,97,24,48,24,24,24,48,24,24,24,24,24,24,24,24,24,24,24,48,24,24,24,48,24,48,24,24,24,48,24,24,24,24,24,24,24,48,24,48,24,48,4010
7						sendir,2:1,21,40100,1,1,97,24,24,24,48,24,48,24,24,24,24,24,24,24,24,24,24,24,48,344,16,24,24,24,24,24,48,24,48,24,48,529,97,24,24,24,48,24,48,24,24,24,24,24,24,24,24,24,24,24,48,24,24,24,48,24,48,24,24,24,48,24,24,24,24,24,24,24,48,24,48,24,48,529,97,24,24,24,48,24,48,24,24,24,24,24,24,24,24,24,24,24,48,24,24,24,48,24,48,24,24,24,48,24,24,24,24,24,24,24,48,24,48,24,48,4010
8						sendir,2:1,22,40100,1,1,97,24,48,24,48,24,48,24,24,24,24,24,24,24,24,24,24,24,48,344,16,24,24,24,24,24,48,24,48,24,48,505,97,24,48,24,48,24,48,24,24,24,24,24,24,24,24,24,24,24,48,24,24,24,48,24,48,24,24,24,48,24,24,24,24,24,24,24,48,24,48,24,48,505,97,24,48,24,48,24,48,24,24,24,24,24,24,24,24,24,24,24,48,24,24,24,48,24,48,24,24,24,48,24,24,24,24,24,24,24,48,24,48,24,48,4010
9						sendir,2:1,23,40100,1,1,98,24,24,24,24,24,24,24,48,24,24,24,24,24,24,24,24,24,48,344,16,24,24,24,24,24,48,24,48,24,48,553,97,24,24,24,24,24,24,24,48,24,24,24,24,24,24,24,24,24,48,24,24,24,48,24,48,24,24,24,48,24,24,24,24,24,24,24,48,24,48,24,48,553,97,24,24,24,24,24,24,24,48,24,24,24,24,24,24,24,24,24,48,24,24,24,48,24,48,24,24,24,48,24,24,24,24,24,24,24,48,24,48,24,48,4010
0						sendir,2:1,24,40100,1,1,97,24,48,24,24,24,24,24,48,24,24,24,24,24,24,24,24,24,48,344,16,24,24,24,24,24,48,24,48,24,48,529,97,24,48,24,24,24,24,24,48,24,24,24,24,24,24,24,24,24,48,24,24,24,48,24,48,24,24,24,48,24,24,24,24,24,24,24,48,24,48,24,48,529,97,24,48,24,24,24,24,24,48,24,24,24,24,24,24,24,24,24,48,24,24,24,48,24,48,24,24,24,48,24,24,24,24,24,24,24,48,24,48,24,48,4010
volup				sendir,2:1,27,40100,1,1,97,24,24,24,48,24,24,24,24,24,48,24,24,24,24,24,48,24,24,24,24,24,24,24,24,1056,97,24,24,24,48,24,24,24,24,24,48,24,24,24,24,24,48,24,24,24,24,24,24,24,24,1056,97,24,24,24,48,24,24,24,24,24,48,24,24,24,24,24,48,24,24,24,24,24,24,24,24,4010
voldn				sendir,2:1,29,40100,1,1,97,24,48,24,48,24,24,24,24,24,48,24,24,24,24,24,48,24,24,24,24,24,24,24,24,1032,97,24,48,24,48,24,24,24,24,24,48,24,24,24,24,24,48,24,24,24,24,24,24,24,24,1032,97,24,48,24,48,24,24,24,24,24,48,24,24,24,24,24,48,24,24,24,24,24,24,24,24,4010
audio				sendir,2:1,31,40100,1,1,97,24,24,24,24,24,48,24,24,24,24,24,48,24,48,24,24,24,48,344,16,24,24,24,24,24,48,24,48,24,48,505,97,24,24,24,24,24,48,24,24,24,24,24,48,24,48,24,24,24,48,24,24,24,48,24,48,24,24,24,48,24,24,24,24,24,24,24,48,24,48,24,48,505,97,24,24,24,24,24,48,24,24,24,24,24,48,24,48,24,24,24,48,24,24,24,48,24,48,24,24,24,48,24,24,24,24,24,24,24,48,24,48,24,48,4010
subtitle		sendir,2:1,33,40100,1,1,98,24,48,24,48,24,24,24,24,24,24,24,48,24,48,24,24,24,48,344,16,24,24,24,24,24,48,24,48,24,48,481,97,24,48,24,48,24,24,24,24,24,24,24,48,24,48,24,24,24,48,24,24,24,48,24,48,24,24,24,48,24,24,24,24,24,24,24,48,24,48,24,48,481,97,24,48,24,48,24,24,24,24,24,24,24,48,24,48,24,24,24,48,24,24,24,48,24,48,24,24,24,48,24,24,24,24,24,24,24,48,24,48,24,48,4010
display			sendir,2:1,34,40100,1,1,97,24,48,24,24,24,24,24,24,24,24,24,24,24,48,24,24,24,48,344,16,24,24,24,24,24,48,24,48,24,48,529,97,24,48,24,24,24,24,24,24,24,24,24,24,24,48,24,24,24,48,24,24,24,48,24,48,24,24,24,48,24,24,24,24,24,24,24,48,24,48,24,48,529,97,24,48,24,24,24,24,24,24,24,24,24,24,24,48,24,24,24,48,24,24,24,48,24,48,24,24,24,48,24,24,24,24,24,24,24,48,24,48,24,48,4010
yellow			sendir,2:1,36,40100,1,1,97,24,48,24,24,24,24,24,48,24,24,24,48,24,48,24,24,24,48,344,16,24,24,24,24,24,48,24,48,24,48,481,97,24,48,24,24,24,24,24,48,24,24,24,48,24,48,24,24,24,48,24,24,24,48,24,48,24,24,24,48,24,24,24,24,24,24,24,48,24,48,24,48,481,97,24,48,24,24,24,24,24,48,24,24,24,48,24,48,24,24,24,48,24,24,24,48,24,48,24,24,24,48,24,24,24,24,24,24,24,48,24,48,24,48,4010
blue				sendir,2:1,37,40100,1,1,97,24,24,24,48,24,48,24,24,24,24,24,48,24,48,24,24,24,48,344,16,24,24,24,24,24,48,24,48,24,48,481,97,24,24,24,48,24,48,24,24,24,24,24,48,24,48,24,24,24,48,24,24,24,48,24,48,24,24,24,48,24,24,24,24,24,24,24,48,24,48,24,48,481,97,24,24,24,48,24,48,24,24,24,24,24,48,24,48,24,24,24,48,24,24,24,48,24,48,24,24,24,48,24,24,24,24,24,24,24,48,24,48,24,48,4010
red					sendir,2:1,38,40100,1,1,97,24,48,24,48,24,48,24,24,24,24,24,48,24,48,24,24,24,48,344,16,24,24,24,24,24,48,24,48,24,48,457,97,24,48,24,48,24,48,24,24,24,24,24,48,24,48,24,24,24,48,24,24,24,48,24,48,24,24,24,48,24,24,24,24,24,24,24,48,24,48,24,48,457,97,24,48,24,48,24,48,24,24,24,24,24,48,24,48,24,24,24,48,24,24,24,48,24,48,24,24,24,48,24,24,24,24,24,24,24,48,24,48,24,48,4010
green				sendir,2:1,39,40100,1,1,98,24,24,24,24,24,24,24,48,24,24,24,48,24,48,24,24,24,48,344,16,24,24,24,24,24,48,24,48,24,48,505,97,24,24,24,24,24,24,24,48,24,24,24,48,24,48,24,24,24,48,24,24,24,48,24,48,24,24,24,48,24,24,24,24,24,24,24,48,24,48,24,48,505,97,24,24,24,24,24,24,24,48,24,24,24,48,24,48,24,24,24,48,24,24,24,48,24,48,24,24,24,48,24,24,24,24,24,24,24,48,24,48,24,48,4010
top menu		sendir,2:1,40,45845,1,1,98,28,24,28,24,27,48,27,48,28,24,27,48,28,24,28,24,27,48,393,16,28,24,28,24,27,48,27,48,27,48,577,97,28,24,28,24,27,48,27,48,28,24,27,48,28,24,28,24,27,48,28,24,27,48,27,48,28,24,27,48,28,24,28,24,28,24,27,48,27,48,27,48,577,97,28,24,28,24,27,48,27,48,28,24,27,48,28,24,28,24,27,48,28,24,27,48,27,48,28,24,27,48,28,24,28,24,28,24,27,48,27,48,27,48,4584
pop up/menu	sendir,2:1,41,40100,1,1,97,24,48,24,24,24,24,24,48,24,24,24,48,24,24,24,24,24,48,344,16,24,24,24,24,24,48,24,48,24,48,505,97,24,48,24,24,24,24,24,48,24,24,24,48,24,24,24,24,24,48,24,24,24,48,24,48,24,24,24,48,24,24,24,24,24,24,24,48,24,48,24,48,505,97,24,48,24,24,24,24,24,48,24,24,24,48,24,24,24,24,24,48,24,24,24,48,24,48,24,24,24,48,24,24,24,24,24,24,24,48,24,48,24,48,4010
return			sendir,2:1,42,40100,1,1,97,24,48,24,48,24,24,24,24,24,24,24,24,24,48,24,24,24,48,344,16,24,24,24,24,24,48,24,48,24,48,505,97,24,48,24,48,24,24,24,24,24,24,24,24,24,48,24,24,24,48,24,24,24,48,24,48,24,24,24,48,24,24,24,24,24,24,24,48,24,48,24,48,505,97,24,48,24,48,24,24,24,24,24,24,24,24,24,48,24,24,24,48,24,24,24,48,24,48,24,24,24,48,24,24,24,24,24,24,24,48,24,48,24,48,4010
options			sendir,2:1,43,45714,1,1,98,28,48,27,48,27,48,27,48,27,48,27,48,27,24,27,24,27,48,392,16,27,24,27,24,27,48,27,48,27,48,494,97,28,48,27,48,27,48,27,48,27,48,27,48,27,24,27,24,27,48,27,24,27,48,27,48,27,24,27,48,27,24,27,24,27,24,27,48,27,48,27,48,494,97,28,48,27,48,27,48,27,48,27,48,27,48,27,24,27,24,27,48,27,24,27,48,27,48,27,24,27,48,27,24,27,24,27,24,27,48,27,48,27,48,4571
up					sendir,2:1,44,40100,1,1,98,24,48,24,24,24,24,24,48,24,48,24,48,24,24,24,24,24,48,344,16,24,24,24,24,24,48,24,48,24,48,481,97,24,48,24,24,24,24,24,48,24,48,24,48,24,24,24,24,24,48,24,24,24,48,24,48,24,24,24,48,24,24,24,24,24,24,24,48,24,48,24,48,481,97,24,48,24,24,24,24,24,48,24,48,24,48,24,24,24,24,24,48,24,24,24,48,24,48,24,24,24,48,24,24,24,24,24,24,24,48,24,48,24,48,4010
down				sendir,2:1,45,40100,1,1,97,24,24,24,48,24,24,24,48,24,48,24,48,24,24,24,24,24,48,344,16,24,24,24,24,24,48,24,48,24,48,481,97,24,24,24,48,24,24,24,48,24,48,24,48,24,24,24,24,24,48,24,24,24,48,24,48,24,24,24,48,24,24,24,24,24,24,24,48,24,48,24,48,481,97,24,24,24,48,24,24,24,48,24,48,24,48,24,24,24,24,24,48,24,24,24,48,24,48,24,24,24,48,24,24,24,24,24,24,24,48,24,48,24,48,4010
left				sendir,2:1,47,40100,1,1,97,24,48,24,48,24,24,24,48,24,48,24,48,24,24,24,24,24,48,344,16,24,24,24,24,24,48,24,48,24,48,457,97,24,48,24,48,24,24,24,48,24,48,24,48,24,24,24,24,24,48,24,24,24,48,24,48,24,24,24,48,24,24,24,24,24,24,24,48,24,48,24,48,457,97,24,48,24,48,24,24,24,48,24,48,24,48,24,24,24,24,24,48,24,24,24,48,24,48,24,24,24,48,24,24,24,24,24,24,24,48,24,48,24,48,4010
right				sendir,2:1,48,40100,1,1,97,24,24,24,24,24,48,24,48,24,48,24,48,24,24,24,24,24,48,344,16,24,24,24,24,24,48,24,48,24,48,481,97,24,24,24,24,24,48,24,48,24,48,24,48,24,24,24,24,24,48,24,24,24,48,24,48,24,24,24,48,24,24,24,24,24,24,24,48,24,48,24,48,481,97,24,24,24,24,24,48,24,48,24,48,24,48,24,24,24,24,24,48,24,24,24,48,24,48,24,24,24,48,24,24,24,24,24,24,24,48,24,48,24,48,4010
ok					sendir,2:1,49,40100,1,1,98,24,48,24,24,24,48,24,48,24,48,24,48,24,24,24,24,24,48,344,16,24,24,24,24,24,48,24,48,24,48,457,97,24,48,24,24,24,48,24,48,24,48,24,48,24,24,24,24,24,48,24,24,24,48,24,48,24,24,24,48,24,24,24,24,24,24,24,48,24,48,24,48,457,97,24,48,24,24,24,48,24,48,24,48,24,48,24,24,24,24,24,48,24,24,24,48,24,48,24,24,24,48,24,24,24,24,24,24,24,48,24,48,24,48,4010
home				sendir,2:1,50,40100,1,1,97,24,24,24,48,24,24,24,24,24,24,24,24,24,48,24,24,24,48,344,16,24,24,24,24,24,48,24,48,24,48,529,97,24,24,24,48,24,24,24,24,24,24,24,24,24,48,24,24,24,48,24,24,24,48,24,48,24,24,24,48,24,24,24,24,24,24,24,48,24,48,24,48,529,97,24,24,24,48,24,24,24,24,24,24,24,24,24,48,24,24,24,48,24,24,24,48,24,48,24,24,24,48,24,24,24,24,24,24,24,48,24,48,24,48,4010
pre					sendir,2:1,51,40100,1,1,97,24,48,24,48,24,48,24,24,24,48,24,24,24,48,24,24,24,48,344,16,24,24,24,24,24,48,24,48,24,48,457,97,24,48,24,48,24,48,24,24,24,48,24,24,24,48,24,24,24,48,24,24,24,48,24,48,24,24,24,48,24,24,24,24,24,24,24,48,24,48,24,48,457,97,24,48,24,48,24,48,24,24,24,48,24,24,24,48,24,24,24,48,24,24,24,48,24,48,24,24,24,48,24,24,24,24,24,24,24,48,24,48,24,48,4010
puse				sendir,2:1,52,40100,1,1,97,24,48,24,24,24,24,24,48,24,48,24,24,24,24,24,24,24,48,344,16,24,24,24,24,24,48,24,48,24,48,505,97,24,48,24,24,24,24,24,48,24,48,24,24,24,24,24,24,24,48,24,24,24,48,24,48,24,24,24,48,24,24,24,24,24,24,24,48,24,48,24,48,505,97,24,48,24,24,24,24,24,48,24,48,24,24,24,24,24,24,24,48,24,24,24,48,24,48,24,24,24,48,24,24,24,24,24,24,24,48,24,48,24,48,4010
next				sendir,2:1,53,40100,1,1,97,24,24,24,48,24,48,24,24,24,48,24,24,24,48,24,24,24,48,344,16,24,24,24,24,24,48,24,48,24,48,481,97,24,24,24,48,24,48,24,24,24,48,24,24,24,48,24,24,24,48,24,24,24,48,24,48,24,24,24,48,24,24,24,24,24,24,24,48,24,48,24,48,481,97,24,24,24,48,24,48,24,24,24,48,24,24,24,48,24,24,24,48,24,24,24,48,24,48,24,24,24,48,24,24,24,24,24,24,24,48,24,48,24,48,4010
rew					sendir,2:1,54,40100,1,1,97,24,24,24,48,24,48,24,24,24,48,24,24,24,48,24,24,24,48,344,16,24,24,24,24,24,48,24,48,24,48,481,97,24,24,24,48,24,48,24,24,24,48,24,24,24,48,24,24,24,48,24,24,24,48,24,48,24,24,24,48,24,24,24,24,24,24,24,48,24,48,24,48,481,97,24,24,24,48,24,48,24,24,24,48,24,24,24,48,24,24,24,48,24,24,24,48,24,48,24,24,24,48,24,24,24,24,24,24,24,48,24,48,24,48,4010
play				sendir,2:1,55,40100,1,1,97,24,24,24,48,24,24,24,48,24,48,24,24,24,24,24,24,24,48,344,16,24,24,24,24,24,48,24,48,24,48,505,97,24,24,24,48,24,24,24,48,24,48,24,24,24,24,24,24,24,48,24,24,24,48,24,48,24,24,24,48,24,24,24,24,24,24,24,48,24,48,24,48,505,97,24,24,24,48,24,24,24,48,24,48,24,24,24,24,24,24,24,48,24,24,24,48,24,48,24,24,24,48,24,24,24,24,24,24,24,48,24,48,24,48,4010
ff					sendir,2:1,56,40100,1,1,97,24,24,24,24,24,48,24,48,24,48,24,24,24,24,24,24,24,48,344,16,24,24,24,24,24,48,24,48,24,48,505,97,24,24,24,24,24,48,24,48,24,48,24,24,24,24,24,24,24,48,24,24,24,48,24,48,24,24,24,48,24,24,24,24,24,24,24,48,24,48,24,48,505,97,24,24,24,24,24,48,24,48,24,48,24,24,24,24,24,24,24,48,24,24,24,48,24,48,24,24,24,48,24,24,24,24,24,24,24,48,24,48,24,48,4010
netflix			sendir,2:1,59,40100,1,1,97,24,48,24,48,24,24,24,48,24,24,24,24,24,48,24,24,24,48,344,16,24,24,24,24,24,48,24,48,24,48,481,97,24,48,24,48,24,24,24,48,24,24,24,24,24,48,24,24,24,48,24,24,24,48,24,48,24,24,24,48,24,24,24,24,24,24,24,48,24,48,24,48,481,97,24,48,24,48,24,24,24,48,24,24,24,24,24,48,24,24,24,48,24,24,24,48,24,48,24,24,24,48,24,24,24,24,24,24,24,48,24,48,24,48,4010
stop				sendir,2:1,60,40100,1,1,97,24,24,24,24,24,24,24,48,24,48,24,24,24,24,24,24,24,48,344,16,24,24,24,24,24,48,24,48,24,48,529,97,24,24,24,24,24,24,24,48,24,48,24,24,24,24,24,24,24,48,24,24,24,48,24,48,24,24,24,48,24,24,24,24,24,24,24,48,24,48,24,48,529,97,24,24,24,24,24,24,24,48,24,48,24,24,24,24,24,24,24,48,24,24,24,48,24,48,24,24,24,48,24,24,24,24,24,24,24,48,24,48,24,48,4010
sen					sendir,2:1,61,40100,1,1,97,24,24,24,24,24,48,24,48,24,24,24,24,24,48,24,24,24,48,344,16,24,24,24,24,24,48,24,48,24,48,505,97,24,24,24,24,24,48,24,48,24,24,24,24,24,48,24,24,24,48,24,24,24,48,24,48,24,24,24,48,24,24,24,24,24,24,24,48,24,48,24,48,505,97,24,24,24,24,24,48,24,48,24,24,24,24,24,48,24,24,24,48,24,24,24,48,24,48,24,24,24,48,24,24,24,24,24,24,24,48,24,48,24,48,4010
