input=341,171,21,21,21,21,21,64,21,21,21,21,21,21,21,21,21,21,21,64,21,64,21,21,21,64,21,64,21,64,21,64,21,64,21,64,21,64,21,64,21,64,21,21,21,64,21,21,21,21,21,21,21,21,21,21,21,21,21,64,21,21,21,64,21,64,21,1530,341,85,21,4833
power=341,171,21,21,21,21,21,64,21,21,21,21,21,21,21,21,21,21,21,64,21,64,21,21,21,64,21,64,21,64,21,64,21,64,21,21,21,21,21,21,21,64,21,21,21,21,21,21,21,21,21,64,21,64,21,64,21,21,21,64,21,64,21,64,21,64,21,4833
TV=341,171,21,21,21,21,21,64,21,21,21,21,21,21,21,21,21,21,21,64,21,64,21,21,21,64,21,64,21,64,21,64,21,64,21,21,21,64,21,64,21,21,21,64,21,21,21,64,21,64,21,64,21,21,21,21,21,64,21,21,21,64,21,21,21,21,21,1530,341,85,21,4833
AV=341,171,21,21,21,21,21,64,21,21,21,21,21,21,21,21,21,21,21,64,21,64,21,21,21,64,21,64,21,64,21,64,21,64,21,64,21,21,21,21,21,21,21,64,21,21,21,64,21,21,21,21,21,64,21,64,21,64,21,21,21,64,21,21,21,64,21,4833
COMP=341,171,21,21,21,21,21,64,21,21,21,21,21,21,21,21,21,21,21,64,21,64,21,21,21,64,21,64,21,64,21,64,21,64,21,21,21,64,21,21,21,64,21,64,21,21,21,64,21,21,21,64,21,21,21,64,21,21,21,21,21,64,21,21,21,64,21,1530,341,85,21,4833
HDMI=341,171,21,21,21,21,21,64,21,21,21,21,21,21,21,21,21,21,21,64,21,64,21,21,21,64,21,64,21,64,21,64,21,64,21,21,21,64,21,64,21,21,21,21,21,21,21,64,21,64,21,64,21,21,21,21,21,64,21,64,21,64,21,21,21,21,21,1530,341,85,21,4833
SLEEP=341,171,21,21,21,21,21,64,21,21,21,21,21,21,21,21,21,21,21,64,21,64,21,21,21,64,21,64,21,64,21,64,21,64,21,21,21,64,21,64,21,64,21,21,21,21,21,21,21,21,21,64,21,21,21,21,21,21,21,64,21,64,21,64,21,64,21,4848
WIDE=341,171,21,21,21,21,21,64,21,21,21,21,21,21,21,21,21,21,21,64,21,64,21,21,21,64,21,64,21,64,21,64,21,64,21,64,21,64,21,64,21,21,21,64,21,64,21,64,21,21,21,21,21,21,21,21,21,64,21,21,21,21,21,21,21,64,21,1530,341,85,21,4833
CC=341,171,21,21,21,21,21,64,21,21,21,21,21,21,21,21,21,21,21,64,21,64,21,21,21,64,21,64,21,64,21,64,21,64,21,64,21,21,21,21,21,64,21,64,21,64,21,21,21,21,21,21,21,64,21,64,21,21,21,21,21,21,21,64,21,64,21,1530,341,85,21,4833
EXIT=341,171,21,21,21,21,21,64,21,21,21,21,21,21,21,21,21,21,21,64,21,64,21,21,21,64,21,64,21,64,21,64,21,64,21,64,21,21,21,21,21,64,21,21,21,21,21,64,21,21,21,21,21,64,21,64,21,21,21,64,21,64,21,21,21,64,21,1530,341,85,21,4833
UP=341,171,21,21,21,21,21,64,21,21,21,21,21,21,21,21,21,21,21,64,21,64,21,21,21,64,21,64,21,64,21,64,21,64,21,64,21,21,21,64,21,21,21,21,21,21,21,64,21,21,21,21,21,64,21,21,21,64,21,64,21,64,21,21,21,64,21,1530,341,85,21,4833
DOWN=341,171,21,21,21,21,21,64,21,21,21,21,21,21,21,21,21,21,21,64,21,64,21,21,21,64,21,64,21,64,21,64,21,64,21,21,21,64,21,64,21,21,21,21,21,21,21,64,21,21,21,64,21,21,21,21,21,64,21,64,21,64,21,21,21,64,21,1530,341,85,21,4833
LEFT=341,171,21,21,21,21,21,64,21,21,21,21,21,21,21,21,21,21,21,64,21,64,21,21,21,64,21,64,21,64,21,64,21,64,21,64,21,64,21,64,21,21,21,21,21,21,21,64,21,21,21,21,21,21,21,21,21,64,21,64,21,64,21,21,21,64,21,1530,341,85,21,4833
RIGHT=341,171,21,21,21,21,21,64,21,21,21,21,21,21,21,21,21,21,21,64,21,64,21,21,21,64,21,64,21,64,21,64,21,64,21,21,21,21,21,21,21,64,21,21,21,21,21,64,21,21,21,64,21,64,21,64,21,21,21,64,21,64,21,21,21,64,21,1530,341,85,21,4833
MENUOK=341,171,21,21,21,21,21,64,21,21,21,21,21,21,21,21,21,21,21,64,21,64,21,21,21,64,21,64,21,64,21,64,21,64,21,64,21,64,21,21,21,21,21,21,21,21,21,64,21,21,21,21,21,21,21,64,21,64,21,64,21,64,21,21,21,64,21,1530,341,85,21,4833
VolumeUP=341,171,21,21,21,21,21,64,21,21,21,21,21,21,21,21,21,21,21,64,21,64,21,21,21,64,21,64,21,64,21,64,21,64,21,21,21,64,21,21,21,21,21,21,21,21,21,21,21,21,21,64,21,21,21,64,21,64,21,64,21,64,21,64,21,64,21,1530,341,85,21,4833
VolumeDown=341,171,21,21,21,21,21,64,21,21,21,21,21,21,21,21,21,21,21,64,21,64,21,21,21,64,21,64,21,64,21,64,21,64,21,64,21,64,21,21,21,21,21,21,21,21,21,21,21,21,21,21,21,21,21,64,21,64,21,64,21,64,21,64,21,64,21,4833
ChannelUP=341,171,21,21,21,21,21,64,21,21,21,21,21,21,21,21,21,21,21,64,21,64,21,21,21,64,21,64,21,64,21,64,21,64,21,21,21,21,21,21,21,21,21,21,21,21,21,21,21,21,21,64,21,64,21,64,21,64,21,64,21,64,21,64,21,64,21,1530,341,85,21,4833
ChannelDown=341,171,21,21,21,21,21,64,21,21,21,21,21,21,21,21,21,21,21,64,21,64,21,21,21,64,21,64,21,64,21,64,21,64,21,64,21,21,21,21,21,21,21,21,21,21,21,21,21,21,21,21,21,64,21,64,21,64,21,64,21,64,21,64,21,64,21,1530,341,85,21,4833
Mute=341,171,21,21,21,21,21,64,21,21,21,21,21,21,21,21,21,21,21,64,21,64,21,21,21,64,21,64,21,64,21,64,21,64,21,64,21,21,21,21,21,64,21,21,21,21,21,21,21,21,21,21,21,64,21,64,21,21,21,64,21,64,21,64,21,64,21,1530,341,85,21,4833
LAST=341,171,21,21,21,21,21,64,21,21,21,21,21,21,21,21,21,21,21,64,21,64,21,21,21,64,21,64,21,64,21,64,21,64,21,21,21,64,21,21,21,64,21,64,21,21,21,21,21,21,21,64,21,21,21,64,21,21,21,21,21,64,21,64,21,64,21,4833
1=341,171,21,21,21,21,21,64,21,21,21,21,21,21,21,21,21,21,21,64,21,64,21,21,21,64,21,64,21,64,21,64,21,64,21,64,21,21,21,21,21,21,21,64,21,21,21,21,21,21,21,21,21,64,21,64,21,64,21,21,21,64,21,64,21,64,21,4833
2=341,171,21,21,21,21,21,64,21,21,21,21,21,21,21,21,21,21,21,64,21,64,21,21,21,64,21,64,21,64,21,64,21,64,21,21,21,64,21,21,21,21,21,64,21,21,21,21,21,21,21,64,21,21,21,64,21,64,21,21,21,64,21,64,21,64,21,1530,341,85,21,4833
3=341,171,21,21,21,21,21,64,21,21,21,21,21,21,21,21,21,21,21,64,21,64,21,21,21,64,21,64,21,64,21,64,21,64,21,64,21,64,21,21,21,21,21,64,21,21,21,21,21,21,21,21,21,21,21,64,21,64,21,21,21,64,21,64,21,64,21,1530,341,85,21,4833
4=341,171,21,21,21,21,21,64,21,21,21,21,21,21,21,21,21,21,21,64,21,64,21,21,21,64,21,64,21,64,21,64,21,64,21,21,21,21,21,64,21,21,21,64,21,21,21,21,21,21,21,64,21,64,21,21,21,64,21,21,21,64,21,64,21,64,21,1530,341,85,21,4833
5=341,171,21,21,21,21,21,64,21,21,21,21,21,21,21,21,21,21,21,64,21,64,21,21,21,64,21,64,21,64,21,64,21,64,21,64,21,21,21,64,21,21,21,64,21,21,21,21,21,21,21,21,21,64,21,21,21,64,21,21,21,64,21,64,21,64,21,1530,341,85,21,4833
6=341,171,21,21,21,21,21,64,21,21,21,21,21,21,21,21,21,21,21,64,21,64,21,21,21,64,21,64,21,64,21,64,21,64,21,21,21,64,21,64,21,21,21,64,21,21,21,21,21,21,21,64,21,21,21,21,21,64,21,21,21,64,21,64,21,64,21,1530,341,85,21,4833
7=341,171,21,21,21,21,21,64,21,21,21,21,21,21,21,21,21,21,21,64,21,64,21,21,21,64,21,64,21,64,21,64,21,64,21,64,21,64,21,64,21,21,21,64,21,21,21,21,21,21,21,21,21,21,21,21,21,64,21,21,21,64,21,64,21,64,21,1530,341,85,21,4833
8=341,171,21,21,21,21,21,64,21,21,21,21,21,21,21,21,21,21,21,64,21,64,21,21,21,64,21,64,21,64,21,64,21,64,21,21,21,21,21,21,21,64,21,64,21,21,21,21,21,21,21,64,21,64,21,64,21,21,21,21,21,64,21,64,21,64,21,1530,30,4833
9=341,171,21,21,21,21,21,64,21,21,21,21,21,21,21,21,21,21,21,64,21,64,21,21,21,64,21,64,21,64,21,64,21,64,21,64,21,21,21,21,21,64,21,64,21,21,21,21,21,21,21,21,21,64,21,64,21,21,21,21,21,64,21,64,21,64,21,1530,341,85,21,4833
0=341,171,21,21,21,21,21,64,21,21,21,21,21,21,21,21,21,21,21,64,21,64,21,21,21,64,21,64,21,64,21,64,21,64,21,21,21,21,21,21,21,21,21,64,21,21,21,21,21,21,21,64,21,64,21,64,21,64,21,21,21,64,21,64,21,64,21,1530,341,85,21,4833
Info=341,171,21,21,21,21,21,64,21,21,21,21,21,21,21,21,21,21,21,64,21,64,21,21,21,64,21,64,21,64,21,64,21,64,21,64,21,64,21,21,21,64,21,64,21,21,21,21,21,21,21,21,21,21,21,64,21,21,21,21,21,64,21,64,21,64,21,1530,341,85,21,3647,341,85,21,4833
.=341,171,21,21,21,21,21,64,21,21,21,21,21,21,21,21,21,21,21,64,21,64,21,21,21,64,21,64,21,64,21,64,21,64,21,64,21,64,21,64,21,64,21,64,21,64,21,64,21,64,21,21,21,21,21,21,21,21,21,21,21,21,21,21,21,21,21,1530,341,85,21,4833
Pause=341,171,21,21,21,21,21,64,21,21,21,21,21,21,21,21,21,21,21,64,21,64,21,21,21,64,21,64,21,64,21,64,21,64,21,64,21,64,21,64,21,21,21,64,21,64,21,21,21,21,21,21,21,21,21,21,21,64,21,21,21,21,21,64,21,64,21,1530,341,85,21,4833
Play=341,171,21,21,21,21,21,64,21,21,21,21,21,21,21,21,21,21,21,64,21,64,21,21,21,64,21,64,21,64,21,64,21,64,21,64,21,64,21,21,21,21,21,64,21,64,21,21,21,21,21,21,21,21,21,64,21,64,21,21,21,21,21,64,21,64,21,1530,341,85,21,4833
Stop=341,171,21,21,21,21,21,64,21,21,21,21,21,21,21,21,21,21,21,64,21,64,21,21,21,64,21,64,21,64,21,64,21,64,21,21,21,21,21,21,21,21,21,64,21,64,21,21,21,21,21,64,21,64,21,64,21,64,21,21,21,21,21,64,21,64,21,4833
Guide=341,171,21,21,21,21,21,64,21,21,21,21,21,21,21,21,21,21,21,64,21,64,21,21,21,64,21,64,21,64,21,64,21,64,21,21,21,21,21,64,21,64,21,64,21,21,21,21,21,21,21,64,21,64,21,21,21,21,21,21,21,64,21,64,21,64,21,1530,341,85,21,4833
