TvPower=228,227,28,114,28,114,28,114,28,114,28,57,28,57,28,114,28,57,28,114,28,57,28,114,28,57,28,57,28,57,28,57,28,57,28,114,28,114,28,57,28,114,28,57,28,114,28,57,28,114,28,654,145,3,3,7,1,292,28,114,28,114,28,114,28,114,28,57,22,63,21,121,24,61,19,123,22,63,17,125,20,65,14,71,12,73,11,74,10,75,9,133,11,131,10,75,6,136,7,78,4,138,5,80,2,140,3,7272
Sleep=342,170,21,64,21,64,21,64,21,22,21,64,21,64,21,64,21,64,21,22,21,22,21,22,21,64,21,22,21,22,21,22,21,22,21,22,21,64,21,64,21,64,21,22,21,22,21,22,21,22,21,64,21,22,21,22,21,22,21,64,21,64,21,64,21,64,21,1523,342,85,21,4863
Power=342,170,21,64,21,64,21,64,21,21,21,64,21,64,21,64,21,64,21,21,21,21,21,21,21,64,21,21,21,21,21,21,21,21,21,21,21,21,21,21,21,64,21,21,21,21,21,21,21,21,21,64,21,64,21,64,21,21,21,64,21,64,21,64,21,64,21,1519,342,85,21,4848
Signal=342,170,21,64,21,64,21,64,21,21,21,64,21,64,21,64,21,64,21,21,21,21,21,21,21,64,21,21,21,21,21,21,21,21,21,21,21,64,21,64,21,21,21,64,21,21,14,28,9,76,9,76,4,4863
Sap=342,170,21,64,21,64,21,64,21,22,21,64,21,64,21,64,21,64,21,22,21,22,21,22,21,64,21,22,21,22,21,22,21,22,21,22,21,64,21,22,21,64,21,22,21,22,21,22,21,22,21,64,21,22,21,64,21,22,21,64,21,64,21,64,21,64,21,1523,342,85,21,3650,342,85,21,4863
Zoom=342,170,21,64,21,64,21,64,21,22,21,64,21,64,21,64,21,64,21,22,21,22,21,22,21,64,21,22,21,22,21,22,21,22,21,64,21,22,21,22,21,64,21,64,21,64,21,64,21,22,21,22,21,64,21,64,21,22,21,22,21,22,21,22,21,64,21,1523,342,85,21,4863
Display=342,170,21,64,21,64,21,64,21,21,21,64,21,64,21,64,21,64,21,21,21,21,21,21,21,64,21,21,21,21,21,21,21,21,21,21,21,64,21,21,21,64,21,21,21,64,21,21,21,64,21,64,21,21,21,64,21,21,21,64,21,21,21,64,21,21,21,1519,342,85,21,4848
Menu=342,169,21,64,21,64,21,64,21,21,21,64,21,64,21,64,21,64,21,21,21,21,21,21,21,64,21,21,21,21,21,21,21,21,21,64,21,64,21,21,21,21,21,21,21,21,21,64,21,21,21,21,21,21,21,64,21,64,21,64,21,64,21,21,21,64,21,1514,342,84,21,3628,342,84,21,4833
Guide=342,170,21,64,21,64,21,64,21,22,21,64,21,64,21,64,21,64,21,22,21,22,21,22,21,64,21,22,21,22,21,22,21,22,21,64,21,22,21,22,21,64,21,22,21,64,21,22,21,64,21,22,21,64,21,64,21,22,21,64,21,22,21,64,21,22,21,1523,342,85,21,4863
ArrowLeft=342,170,21,64,21,64,21,64,21,22,21,64,21,64,21,64,21,64,21,22,21,22,21,22,21,64,21,22,21,22,21,22,21,22,21,64,21,64,21,64,21,22,21,22,21,22,21,22,21,22,21,22,21,22,21,22,21,64,21,64,21,64,21,64,21,64,21,1523,342,85,21,4863
ArrowUp=342,170,21,64,21,64,21,64,21,22,21,64,21,64,21,64,21,64,21,22,21,22,21,22,21,64,21,22,21,22,21,22,21,22,21,22,21,22,21,64,21,22,21,22,21,22,21,22,21,22,21,64,21,64,21,22,21,64,21,64,21,64,21,64,21,64,21,1523,342,85,21,4863
ArrowRight=342,170,21,64,21,64,21,64,21,22,21,64,21,64,21,64,21,64,21,22,21,22,21,22,21,64,21,22,21,22,21,22,21,22,21,22,21,64,21,64,21,22,21,22,21,22,21,22,21,22,21,64,21,22,21,22,21,64,21,64,21,64,21,64,21,64,21,1523,342,85,21,4863
ArrowDown=342,170,21,64,21,64,21,64,21,22,21,64,21,64,21,64,21,64,21,22,21,22,21,22,21,64,21,22,21,22,21,22,21,22,21,64,21,22,21,64,21,22,21,22,21,22,21,22,21,22,21,22,21,64,21,22,21,64,21,64,21,64,21,64,21,64,21,1523,342,85,21,4863
OK=342,170,21,64,21,64,21,64,21,22,21,64,21,64,21,64,21,64,21,22,21,22,21,22,21,64,21,22,21,22,21,22,21,22,21,22,21,22,21,64,21,22,21,22,21,22,21,64,21,22,21,64,21,64,21,22,21,64,21,64,21,64,21,22,21,64,21,1523,342,85,21,4863
Exit=342,170,21,64,21,64,21,64,21,22,21,64,21,64,21,64,21,64,21,22,21,22,21,22,21,64,21,22,21,22,21,22,21,22,21,64,21,64,21,22,21,64,21,64,21,22,21,64,21,22,21,21,21,22,21,64,21,22,21,22,21,64,21,22,21,64,21,1523,342,85,21,4863
CCD=342,170,21,64,21,64,21,64,21,22,21,64,21,64,21,64,21,64,21,22,21,22,21,22,21,64,21,22,21,22,21,22,21,21,21,64,21,22,21,22,21,64,21,64,21,64,21,22,21,22,21,22,21,64,21,64,21,22,21,22,21,22,21,64,21,64,21,1523,342,85,21,4863
VolumeUP=342,170,21,64,21,64,21,64,21,21,21,64,21,64,21,64,21,64,21,21,21,21,21,21,21,64,21,21,21,21,21,21,21,21,21,21,21,64,21,21,21,21,21,21,21,21,21,21,21,21,21,64,21,21,21,64,21,64,21,64,21,64,21,64,21,64,21,1519,342,85,21,4848
VolumeDown=342,170,21,64,21,64,21,64,21,22,21,64,21,64,21,64,21,64,21,22,21,22,21,22,21,64,21,22,21,22,21,22,21,22,21,64,21,64,21,22,21,22,21,22,21,22,21,22,21,22,21,22,21,22,21,64,21,64,21,64,21,64,21,64,21,64,21,1523,342,85,21,4863
Fav=342,170,21,64,21,64,21,64,21,22,21,64,21,64,21,64,21,64,21,22,21,22,21,22,21,64,21,22,21,22,21,21,21,22,21,22,21,64,21,64,21,64,21,64,21,22,21,22,21,22,21,64,21,22,21,22,21,22,21,22,21,64,21,64,21,64,21,1523,342,85,21,4863
Mute=342,170,21,64,21,64,21,64,21,22,21,64,21,64,21,64,21,64,21,22,21,22,21,22,21,64,21,22,21,22,21,22,21,22,21,64,21,22,21,22,21,64,21,22,21,22,21,22,21,22,21,22,21,64,21,64,21,22,21,64,21,64,21,64,21,64,21,1523,342,85,21,4863
ChannelUp=342,170,21,64,21,64,21,64,21,22,21,64,21,64,21,64,21,64,21,22,21,22,21,22,21,64,21,22,21,22,21,22,21,22,21,22,21,22,21,22,21,22,21,22,21,22,21,22,21,22,21,64,21,64,21,64,21,64,21,64,21,64,21,64,21,64,21,1523,342,85,21,4863
ChannelDown=342,170,21,64,21,64,21,64,21,22,21,64,21,64,21,64,21,64,21,22,21,22,21,22,21,64,21,22,21,22,21,22,21,22,21,64,21,22,21,22,21,22,21,22,21,22,21,22,21,22,21,22,21,64,21,64,21,64,21,64,21,64,21,64,21,64,21,4863
1=342,170,21,64,21,64,21,64,21,22,21,64,21,64,21,64,21,64,21,22,21,22,21,22,21,64,21,22,21,22,21,22,21,22,21,64,21,22,21,22,21,22,21,64,21,22,21,22,21,22,21,22,21,64,21,64,21,64,21,22,21,64,21,64,21,64,21,1523,342,85,21,4863
2=342,170,21,64,21,64,21,64,21,22,21,64,21,64,21,64,21,64,21,22,21,22,21,22,21,64,21,22,21,22,21,21,21,22,21,22,21,64,21,22,21,22,21,64,21,22,21,22,21,22,21,64,21,22,21,64,21,64,21,22,21,64,21,64,21,64,21,4863
3=342,170,21,64,21,64,21,64,21,22,21,64,21,64,21,64,21,64,21,22,21,22,21,22,21,64,21,22,21,22,21,22,21,22,21,64,21,64,21,22,21,22,21,64,21,22,21,22,21,22,21,21,21,22,21,64,21,64,21,22,21,64,21,64,21,64,21,4863
4=342,170,21,64,21,64,21,64,21,22,21,64,21,64,21,64,21,64,21,22,21,22,21,22,21,64,21,22,21,22,21,22,21,22,21,21,21,22,21,64,21,22,21,64,21,22,21,22,21,22,21,64,21,64,21,22,21,64,21,22,21,64,21,64,21,64,21,1523,342,85,21,4863
5=342,170,21,64,21,64,21,64,21,21,21,64,21,64,21,64,21,64,21,21,21,21,21,21,21,64,21,21,21,21,21,21,21,21,21,64,21,21,21,64,21,21,21,64,21,21,21,21,21,21,21,21,21,64,21,21,21,64,21,21,21,64,21,64,21,64,21,1519,342,85,21,4848
6=342,170,21,64,21,64,21,64,21,22,21,64,21,64,21,64,21,64,21,22,21,22,21,22,21,64,21,22,21,22,21,22,21,22,21,22,21,64,21,64,21,22,21,64,21,22,21,22,21,22,21,64,21,22,21,22,21,64,21,22,21,64,21,64,21,64,21,1523,342,85,21,4863
7=342,170,21,64,21,64,21,64,21,22,21,64,21,64,21,64,21,64,21,22,21,22,21,22,21,64,21,22,21,21,21,22,21,22,21,64,21,64,21,64,21,22,21,64,21,22,21,22,21,22,21,22,21,22,21,22,21,64,21,22,21,64,21,64,21,64,21,1523,342,85,21,4863
8=342,170,21,64,21,64,21,64,21,21,21,64,21,64,21,64,21,64,21,21,21,21,21,21,21,64,21,21,21,21,21,21,21,21,21,21,21,21,21,21,21,64,21,64,21,21,21,21,21,21,21,64,21,64,21,64,21,21,21,21,21,64,21,64,21,64,21,1519,342,85,21,4848
9=342,170,21,64,21,64,21,64,21,22,21,64,21,64,21,64,21,64,21,22,21,22,21,22,21,64,21,22,21,22,21,22,21,22,21,64,21,22,21,22,21,64,21,64,21,22,21,22,21,22,21,22,21,64,21,64,21,22,21,22,21,64,21,64,21,64,21,1523,342,85,21,4863
0=342,170,21,64,21,64,21,64,21,22,21,64,21,64,21,64,21,64,21,22,21,22,21,22,21,64,21,22,21,22,21,22,21,22,21,22,21,22,21,22,21,22,21,64,21,22,21,22,21,22,21,64,21,64,21,64,21,64,21,22,21,64,21,64,21,64,21,1523,342,85,21,4863
Minus=342,170,21,64,21,64,21,64,21,21,21,64,21,64,21,64,21,64,21,21,21,21,21,21,21,64,21,21,21,21,21,21,21,21,21,21,21,21,21,64,21,64,21,21,21,21,21,64,21,21,21,64,21,64,21,21,21,21,21,64,21,64,21,21,21,64,21,1519,342,85,21,4848
Recall=342,170,21,64,21,64,21,64,21,22,21,64,21,64,21,64,21,64,21,22,21,22,21,22,21,64,21,22,21,22,21,22,21,22,21,22,21,64,21,22,21,64,21,64,21,22,21,22,21,22,21,64,21,22,21,64,21,22,21,22,21,64,21,64,21,64,21,1523,342,85,21,4863
