#Input=98,32,16,17,16,17,16,32,16,34,50,17,16,17,16,32,16,17,32,17,16,32,16,17,16,17,16,17,16,17,16,17,16,17,32,17,16,17,16,32,16,17,32,32,32,17,16,32,16,17,32,17,16,17,16,33,16,17,16,17,16,17,32,17,16,32,16,17,32,32,32,17,16,32,16,17,32,32,16,17,16,17,16,17,32,32,16,17,16,17,16,17,16,17,16,17,16,17,16,17,16,4651
#Power=98,32,16,17,16,17,16,33,16,34,50,17,16,17,16,33,16,17,32,17,16,33,16,17,16,17,16,17,16,17,16,17,16,17,32,17,16,17,16,33,16,17,32,33,32,17,16,33,16,18,32,17,16,17,16,33,16,17,16,17,16,17,32,17,16,33,16,17,32,33,32,17,16,33,16,17,32,33,16,17,16,17,16,17,16,17,16,17,32,17,16,17,16,33,16,17,16,17,16,17,16,4664
#Lang=98,32,16,17,16,17,16,32,16,34,50,17,16,17,16,32,16,17,32,17,16,32,16,17,16,17,16,17,16,17,16,17,16,17,32,17,16,17,16,32,16,17,32,32,32,17,16,32,16,17,32,17,16,17,16,33,16,17,16,17,16,17,32,17,16,32,16,17,32,32,32,17,16,32,16,17,32,32,16,17,16,17,16,17,16,17,16,17,32,17,16,32,16,17,16,17,16,17,16,17,16,4651
#Info=98,32,16,17,16,17,16,33,16,34,50,17,16,17,16,33,16,17,32,17,16,33,16,17,16,17,16,17,16,17,16,17,16,17,32,17,16,17,16,33,16,17,32,33,32,17,16,33,16,18,32,17,16,17,16,33,16,17,16,17,16,17,32,17,16,33,16,17,32,33,32,17,16,33,16,17,32,33,16,17,16,17,16,17,32,33,16,17,16,17,32,33,16,17,16,17,16,17,16,4664
#Menu=98,32,16,17,16,17,16,33,16,34,50,17,16,17,16,33,16,17,32,17,16,33,16,17,16,17,16,17,16,17,16,17,16,17,32,17,16,17,16,33,16,17,32,33,32,17,16,33,16,18,32,17,16,17,16,33,16,17,16,17,16,17,32,17,16,33,16,17,32,33,32,17,16,33,16,17,32,33,16,17,16,17,16,17,32,17,16,17,16,17,16,17,16,33,16,17,16,17,16,17,16,4664
#Guide=98,32,16,17,16,17,16,33,16,34,50,17,16,17,16,33,16,17,32,17,16,33,16,17,16,17,16,17,16,17,16,17,16,17,32,17,16,17,16,33,16,17,32,33,32,17,16,33,16,18,32,17,16,17,16,33,16,17,16,17,16,17,32,17,16,33,16,17,32,33,32,17,16,33,16,17,32,33,16,17,16,17,32,33,32,17,16,33,16,17,16,17,16,17,16,17,16,17,16,4664
#Exit=98,32,16,17,16,17,16,32,16,34,50,17,16,17,16,32,16,17,32,17,16,32,16,17,16,17,16,17,16,17,16,17,16,17,32,17,16,17,16,32,16,17,32,32,32,17,16,32,16,17,32,17,16,17,16,33,16,17,16,17,16,17,32,17,16,32,16,17,32,32,32,17,16,32,16,17,32,32,16,17,16,17,16,17,32,17,16,17,16,17,16,32,16,17,16,17,16,17,16,17,16,4651
#Last=98,32,16,17,16,17,16,32,16,34,50,17,16,17,16,32,16,17,32,17,16,32,16,17,16,17,16,17,16,17,16,17,16,17,32,17,16,17,16,32,16,17,32,32,32,17,16,32,16,17,32,17,16,17,16,33,16,17,16,17,16,17,32,17,16,32,16,17,32,32,32,17,16,32,16,17,32,32,16,17,16,17,32,17,16,32,16,17,32,32,16,17,16,17,16,17,16,17,16,4651
#VolumeUp=339,170,22,20,22,20,22,63,22,20,22,20,22,20,22,20,22,20,22,63,22,63,22,20,22,63,22,63,22,63,22,63,22,63,22,20,22,63,22,20,22,20,22,20,22,20,22,20,22,20,22,63,22,20,22,63,22,63,22,63,22,63,22,63,22,63,22,1508,340,85,22,4833
#VolumeDown=339,170,22,20,22,20,22,63,22,20,22,20,22,20,22,20,22,20,22,63,22,63,22,20,22,63,22,63,22,63,22,63,22,63,22,63,22,63,22,20,22,20,22,20,22,20,22,20,22,20,22,20,22,20,22,63,22,63,22,63,22,63,22,63,22,63,22,1508,340,85,22,3631,340,85,22,4833
#ChannelUp=98,32,16,17,16,17,16,33,16,34,50,17,16,17,16,33,16,17,32,17,16,33,16,17,16,17,16,17,16,17,16,17,16,17,32,17,16,17,16,33,16,17,32,33,32,17,16,33,16,18,32,17,16,17,16,33,16,17,16,17,16,17,32,17,16,33,16,17,32,33,32,17,16,33,16,17,32,33,16,17,16,17,16,17,16,17,16,17,16,17,32,33,16,17,16,17,16,17,16,17,16,4664
#ChannelDown=98,32,16,17,16,17,16,32,16,34,50,17,16,17,16,32,16,17,32,17,16,32,16,17,16,17,16,17,16,17,16,17,16,17,32,17,16,17,16,32,16,17,32,32,32,17,16,32,16,17,32,17,16,17,16,33,16,17,16,17,16,17,32,17,16,32,16,17,32,32,32,17,16,32,16,17,32,32,16,17,16,17,16,17,16,17,32,32,16,17,32,33,16,17,16,17,16,17,16,4651
#Pause=98,32,16,17,16,17,16,32,16,34,50,17,16,17,16,32,16,17,32,17,16,32,16,17,16,17,16,17,16,17,16,17,16,17,32,17,16,17,16,32,16,17,32,32,32,17,16,32,16,17,32,17,16,17,16,33,16,17,16,17,16,17,32,17,16,32,16,17,32,32,32,17,16,32,16,17,32,32,16,17,16,17,32,32,32,17,16,32,32,33,16,17,16,17,16,17,16,4651
#Record=98,32,16,17,16,17,16,32,16,34,50,17,16,17,16,32,16,17,32,17,16,32,16,17,16,17,16,17,16,17,16,17,16,17,32,17,16,17,16,32,16,17,32,32,32,17,16,32,16,17,32,17,16,17,16,33,16,17,16,17,16,17,32,17,16,32,16,17,32,32,32,17,16,32,16,17,32,32,16,17,16,17,16,17,32,17,16,32,16,17,32,33,16,17,16,17,16,17,16,4651
#Stop=98,32,16,17,16,17,16,32,16,34,50,17,16,17,16,32,16,17,32,17,16,32,16,17,16,17,16,17,16,17,16,17,16,17,32,17,16,17,16,32,16,17,32,32,32,17,16,32,16,17,32,17,16,17,16,33,16,17,16,17,16,17,32,17,16,32,16,17,32,32,32,17,16,32,16,17,32,32,16,17,16,17,16,17,16,17,32,32,32,17,16,33,16,17,16,17,16,17,16,4651
#RevStop=98,32,16,17,16,17,16,32,16,34,50,17,16,17,16,32,16,17,32,17,16,32,16,17,16,17,16,17,16,17,16,17,16,17,32,17,16,17,16,32,16,17,32,32,32,17,16,32,16,17,32,17,16,17,16,33,16,17,16,17,16,17,32,17,16,32,16,17,32,32,32,17,16,32,16,17,32,32,16,17,16,17,16,17,32,32,16,17,32,32,16,17,16,17,16,17,16,17,16,4651
#FFStop=98,32,16,17,16,17,16,33,16,34,50,17,16,17,16,33,16,17,32,17,16,33,16,17,16,17,16,17,16,17,16,17,16,17,32,17,16,17,16,33,16,17,32,33,32,17,16,33,16,18,32,17,16,17,16,33,16,17,16,17,16,17,32,17,16,33,16,17,32,33,32,17,16,33,16,17,32,33,16,17,16,17,16,17,16,17,16,17,32,33,16,17,16,17,16,17,16,17,16,17,16,4664
#Up=98,32,16,17,16,17,16,32,16,34,50,17,16,17,16,32,16,17,32,17,16,32,16,17,16,17,16,17,16,17,16,17,16,17,32,17,16,17,16,32,16,17,32,32,32,17,16,32,16,17,32,17,16,17,16,33,16,17,16,17,16,17,32,17,16,32,16,17,32,32,32,17,16,32,16,17,32,32,16,17,16,17,32,32,16,17,32,32,32,33,16,17,16,17,16,17,16,4651
#Down=98,32,16,17,16,17,16,32,16,34,50,17,16,17,16,32,16,17,32,17,16,32,16,17,16,17,16,17,16,17,16,17,16,17,32,17,16,17,16,32,16,17,32,32,32,17,16,32,16,17,32,17,16,17,16,33,16,17,16,17,16,17,32,17,16,32,16,17,32,32,32,17,16,32,16,17,32,32,16,17,16,17,16,17,32,17,16,32,16,17,16,17,16,17,16,17,16,17,16,17,16,4651
#Left=98,32,16,17,16,17,16,32,16,34,50,17,16,17,16,32,16,17,32,17,16,32,16,17,16,17,16,17,16,17,16,17,16,17,32,17,16,17,16,32,16,17,32,32,32,17,16,32,16,17,32,17,16,17,16,33,16,17,16,17,16,17,32,17,16,32,16,17,32,32,32,17,16,32,16,17,32,32,16,17,16,17,32,17,16,32,16,17,32,17,16,33,16,17,16,17,16,17,16,4651
#Right=98,32,16,17,16,17,16,32,16,34,50,17,16,17,16,32,16,17,32,17,16,32,16,17,16,17,16,17,16,17,16,17,16,17,32,17,16,17,16,32,16,17,32,32,32,17,16,32,16,17,32,17,16,17,16,33,16,17,16,17,16,17,32,17,16,32,16,17,32,32,32,17,16,32,16,17,32,32,16,17,16,17,16,17,16,17,32,32,32,32,16,17,16,17,16,17,16,17,16,4651
#OK=98,32,16,17,16,17,16,32,16,34,50,17,16,17,16,32,16,17,32,17,16,32,16,17,16,17,16,17,16,17,16,17,16,17,32,17,16,17,16,32,16,17,32,32,32,17,16,32,16,17,32,17,16,17,16,33,16,17,16,17,16,17,32,17,16,32,16,17,32,32,32,17,16,32,16,17,32,32,16,17,16,17,16,17,16,17,16,17,16,17,32,17,16,33,16,17,16,17,16,17,16,4651
#Rev=98,32,16,17,16,17,16,32,16,34,50,17,16,17,16,32,16,17,32,17,16,32,16,17,16,17,16,17,16,17,16,17,16,17,32,17,16,17,16,32,16,17,32,32,32,17,16,32,16,17,32,17,16,17,16,33,16,17,16,17,16,17,32,17,16,32,16,17,32,32,32,17,16,32,16,17,32,32,16,17,16,17,32,17,16,32,32,32,16,17,16,17,16,17,16,17,16,17,16,4651
#FF=98,32,16,17,16,17,16,32,16,34,50,17,16,17,16,32,16,17,32,17,16,32,16,17,16,17,16,17,16,17,16,17,16,17,32,17,16,17,16,32,16,17,32,32,32,17,16,32,16,17,32,17,16,17,16,33,16,17,16,17,16,17,32,17,16,32,16,17,32,32,32,17,16,32,16,17,32,32,16,17,16,17,32,32,16,17,32,17,16,32,16,17,16,17,16,17,16,17,16,4651
#Play=98,32,16,17,16,17,16,32,16,34,50,17,16,17,16,32,16,17,32,17,16,32,16,17,16,17,16,17,16,17,16,17,16,17,32,17,16,17,16,32,16,17,32,32,32,17,16,32,16,17,32,17,16,17,16,33,16,17,16,17,16,17,32,17,16,32,16,17,32,32,32,17,16,32,16,17,32,32,16,17,16,17,32,32,16,17,16,17,16,17,16,17,16,17,16,17,16,17,16,17,16,4651
#Red=98,32,16,17,16,17,16,33,16,34,50,17,16,17,16,33,16,17,32,17,16,33,16,17,16,17,16,17,16,17,16,17,16,17,32,17,16,17,16,33,16,17,32,33,32,17,16,33,16,18,32,17,16,17,16,33,16,17,16,17,16,17,32,17,16,33,16,17,32,33,32,17,16,33,16,17,32,33,16,17,16,17,16,17,16,17,32,17,16,17,16,33,16,17,16,17,16,17,16,17,16,4664
#Green=98,32,16,17,16,17,16,32,16,34,50,17,16,17,16,32,16,17,32,17,16,32,16,17,16,17,16,17,16,17,16,17,16,17,32,17,16,17,16,32,16,17,32,32,32,17,16,32,16,17,32,17,16,17,16,33,16,17,16,17,16,17,32,17,16,32,16,17,32,32,32,17,16,32,16,17,32,32,16,17,16,17,16,17,32,32,32,32,32,33,16,17,16,17,16,17,16,4651
#Yellow=98,32,16,17,16,17,16,33,16,34,50,17,16,17,16,33,16,17,32,17,16,33,16,17,16,17,16,17,16,17,16,17,16,17,32,17,16,17,16,33,16,17,32,33,32,17,16,33,16,18,32,17,16,17,16,33,16,17,16,17,16,17,32,17,16,33,16,17,32,33,32,17,16,33,16,17,32,33,16,17,16,17,16,17,32,17,16,17,16,33,16,17,16,17,16,17,16,17,16,17,16,4664
#Blue=98,32,16,17,16,17,16,32,16,34,50,17,16,17,16,32,16,17,32,17,16,32,16,17,16,17,16,17,16,17,16,17,16,17,32,17,16,17,16,32,16,17,32,32,32,17,16,32,16,17,32,17,16,17,16,33,16,17,16,17,16,17,32,17,16,32,16,17,32,32,32,17,16,32,16,17,32,32,16,17,16,17,32,32,16,17,16,17,32,17,16,33,16,17,16,17,16,17,16,4651
0=98,32,16,17,16,17,16,32,16,34,50,17,16,17,16,32,16,17,32,17,16,32,16,17,16,17,16,17,16,17,16,17,16,17,32,17,16,17,16,32,16,17,32,32,32,17,16,32,16,17,32,17,16,17,16,33,16,17,16,17,16,17,32,17,16,32,16,17,32,32,32,17,16,32,16,17,32,32,16,17,16,17,16,17,32,17,16,32,32,17,16,33,16,17,16,17,16,17,16,4651
1=98,32,16,17,16,17,16,33,16,34,50,17,16,17,16,33,16,17,32,17,16,33,16,17,16,17,16,17,16,17,16,17,16,17,32,17,16,17,16,33,16,17,32,33,32,17,16,33,16,18,32,17,16,17,16,33,16,17,16,17,16,17,32,17,16,33,16,17,32,33,32,17,16,33,16,17,32,33,16,17,16,17,32,17,16,33,32,33,32,33,16,17,16,17,16,17,16,4664
2=98,32,16,17,16,17,16,32,16,34,50,17,16,17,16,32,16,17,32,17,16,32,16,17,16,17,16,17,16,17,16,17,16,17,32,17,16,17,16,32,16,17,32,32,32,17,16,32,16,17,32,17,16,17,16,33,16,17,16,17,16,17,32,17,16,32,16,17,32,32,32,17,16,32,16,17,32,32,16,17,16,17,32,32,32,17,16,17,16,32,16,17,16,17,16,17,16,17,16,4651
3=98,32,16,17,16,17,16,32,16,34,50,17,16,17,16,32,16,17,32,17,16,32,16,17,16,17,16,17,16,17,16,17,16,17,32,17,16,17,16,32,16,17,32,32,32,17,16,32,16,17,32,17,16,17,16,33,16,17,16,17,16,17,32,17,16,32,16,17,32,32,32,17,16,32,16,17,32,32,16,17,16,17,32,32,16,17,32,17,16,17,16,33,16,17,16,17,16,17,16,4651
4=98,32,16,17,16,17,16,32,16,34,50,17,16,17,16,32,16,17,32,17,16,32,16,17,16,17,16,17,16,17,16,17,16,17,32,17,16,17,16,32,16,17,32,32,32,17,16,32,16,17,32,17,16,17,16,33,16,17,16,17,16,17,32,17,16,32,16,17,32,32,32,17,16,32,16,17,32,32,16,17,16,17,16,17,32,32,16,17,32,17,16,33,16,17,16,17,16,17,16,4651
5=98,32,16,17,16,17,16,32,16,34,50,17,16,17,16,32,16,17,32,17,16,32,16,17,16,17,16,17,16,17,16,17,16,17,32,17,16,17,16,32,16,17,32,32,32,17,16,32,16,17,32,17,16,17,16,33,16,17,16,17,16,17,32,17,16,32,16,17,32,32,32,17,16,32,16,17,32,32,16,17,16,17,16,17,32,17,16,32,32,32,16,17,16,17,16,17,16,17,16,4651
6=98,32,16,17,16,17,16,32,16,34,50,17,16,17,16,32,16,17,32,17,16,32,16,17,16,17,16,17,16,17,16,17,16,17,32,17,16,17,16,32,16,17,32,32,32,17,16,32,16,17,32,17,16,17,16,33,16,17,16,17,16,17,32,17,16,32,16,17,32,32,32,17,16,32,16,17,32,32,16,17,16,17,16,17,16,17,32,17,16,32,16,17,16,17,16,17,16,17,16,17,16,4651
7=98,32,16,17,16,17,16,32,16,34,50,17,16,17,16,32,16,17,32,17,16,32,16,17,16,17,16,17,16,17,16,17,16,17,32,17,16,17,16,32,16,17,32,32,32,17,16,32,16,17,32,17,16,17,16,33,16,17,16,17,16,17,32,17,16,32,16,17,32,32,32,17,16,32,16,17,32,32,16,17,16,17,32,17,16,32,32,17,16,32,16,17,16,17,16,17,16,17,16,4651
8=98,32,16,17,16,17,16,32,16,34,50,17,16,17,16,32,16,17,32,17,16,32,16,17,16,17,16,17,16,17,16,17,16,17,32,17,16,17,16,32,16,17,32,32,32,17,16,32,16,17,32,17,16,17,16,33,16,17,16,17,16,17,32,17,16,32,16,17,32,32,32,17,16,32,16,17,32,32,16,17,16,17,32,32,32,17,16,17,16,17,16,33,16,17,16,17,16,17,16,4651
9=98,32,16,17,16,17,16,32,16,34,50,17,16,17,16,32,16,17,32,17,16,32,16,17,16,17,16,17,16,17,16,17,16,17,32,17,16,17,16,32,16,17,32,32,32,17,16,32,16,17,32,17,16,17,16,33,16,17,16,17,16,17,32,17,16,32,16,17,32,32,32,17,16,32,16,17,32,32,16,17,16,17,32,32,32,32,16,17,16,17,16,17,16,17,16,17,16,17,16,4651
#Enter=98,32,16,17,16,17,16,33,16,34,50,17,16,17,16,33,16,17,32,17,16,33,16,17,16,17,16,17,16,17,16,17,16,17,32,17,16,17,16,33,16,17,32,33,32,17,16,33,16,18,32,17,16,17,16,33,16,17,16,17,16,17,32,17,16,33,16,17,32,33,32,17,16,33,16,17,32,33,16,17,16,17,16,17,16,17,32,17,16,33,32,33,16,17,16,17,16,17,16,4664
#Mute=339,170,22,20,22,20,22,63,22,20,22,20,22,20,22,20,22,20,22,63,22,63,22,20,22,63,22,63,22,63,22,63,22,63,22,63,22,20,22,20,22,63,22,20,22,20,22,20,22,20,22,20,22,63,22,63,22,20,22,63,22,63,22,63,22,63,22,1508,340,85,22,3631,340,85,22,3631,340,85,22,4833
#DTV=98,32,16,17,16,17,16,33,16,34,50,17,16,17,16,33,16,17,32,17,16,33,16,17,16,17,16,17,16,17,16,17,16,17,32,17,16,17,16,33,16,17,32,33,32,17,16,33,16,18,32,17,16,17,16,33,16,17,16,17,16,17,32,17,16,33,16,17,32,33,32,17,16,33,16,17,32,33,16,17,16,17,32,33,32,33,32,33,16,17,16,17,16,17,16,17,16,4664
#Movies=98,32,16,17,16,17,16,32,16,34,50,17,16,17,16,32,16,17,32,17,16,32,16,17,16,17,16,17,16,17,16,17,16,17,32,17,16,17,16,32,16,17,32,32,32,17,16,32,16,17,32,17,16,17,16,33,16,17,16,17,16,17,32,17,16,32,16,17,32,32,32,17,16,32,16,17,32,32,16,17,16,17,32,17,16,32,16,17,16,17,32,33,16,17,16,17,16,17,16,4651
#Music=98,32,16,17,16,17,16,33,16,34,50,17,16,17,16,33,16,17,32,17,16,33,16,17,16,17,16,17,16,17,16,17,16,17,32,17,16,17,16,33,16,17,32,33,32,17,16,33,16,18,32,17,16,17,16,33,16,17,16,17,16,17,32,17,16,33,16,17,32,33,32,17,16,33,16,17,32,33,16,17,16,17,16,17,16,17,16,17,16,17,16,17,32,33,16,17,16,17,16,17,16,4664
#Media=98,32,16,17,16,17,16,33,16,34,50,17,16,17,16,33,16,17,32,17,16,33,16,17,16,17,16,17,16,17,16,17,16,17,32,17,16,17,16,33,16,17,32,33,32,17,16,33,16,18,32,17,16,17,16,33,16,17,16,17,16,17,32,17,16,33,16,17,32,33,32,17,16,33,16,17,32,33,16,17,16,17,16,17,16,17,32,33,16,17,16,17,16,17,16,17,16,17,16,17,16,4664
#Recordit=98,32,16,17,16,17,16,32,16,34,50,17,16,17,16,32,16,17,32,17,16,32,16,17,16,17,16,17,16,17,16,17,16,17,32,17,16,17,16,32,16,17,32,32,32,17,16,32,16,17,32,17,16,17,16,33,16,17,16,17,16,17,32,17,16,32,16,17,32,32,32,17,16,32,16,17,32,32,16,17,16,17,16,17,16,17,32,17,16,17,16,17,16,33,16,17,16,17,16,17,16,4651
#Promos=98,32,16,17,16,17,16,32,16,34,50,17,16,17,16,32,16,17,32,17,16,32,16,17,16,17,16,17,16,17,16,17,16,17,32,17,16,17,16,32,16,17,32,32,32,17,16,32,16,17,32,17,16,17,16,33,16,17,16,17,16,17,32,17,16,32,16,17,32,32,32,17,16,32,16,17,32,32,16,17,16,17,16,17,32,32,32,17,16,32,16,17,16,17,16,17,16,17,16,4651
#Phone=98,32,16,17,16,17,16,32,16,34,50,17,16,17,16,32,16,17,32,17,16,32,16,17,16,17,16,17,16,17,16,17,16,17,32,17,16,17,16,32,16,17,32,32,32,17,16,32,16,17,32,17,16,17,16,33,16,17,16,17,16,17,32,17,16,32,16,17,32,32,32,17,16,32,16,17,32,32,16,17,16,17,16,17,32,17,16,17,16,32,32,33,16,17,16,17,16,17,16,4651
#Help=98,32,16,17,16,17,16,33,16,34,50,17,16,17,16,33,16,17,32,17,16,33,16,17,16,17,16,17,16,17,16,17,16,17,32,17,16,17,16,33,16,17,32,33,32,17,16,33,16,18,32,17,16,17,16,33,16,17,16,17,16,17,32,17,16,33,16,17,32,33,32,17,16,33,16,17,32,33,16,17,16,17,32,33,16,17,32,33,16,17,16,17,16,17,16,17,16,17,16,4664
